LOG,0.0,254.0,48.0
LOG,0.0,253.0,48.0
LOG,0.0,252.0,48.0
LOG,0.0,251.0,48.0
LEAF,0.0,250.0,48.0
LEAF,-1.0,251.0,48.0
LEAF,1.0,251.0,48.0
LEAF,0.0,251.0,47.0
LEAF,0.0,251.0,49.0
GRASS,0.0,255.0,48.0
GRASS,0.0,255.0,49.0
GRASS,0.0,255.0,50.0
GRASS,0.0,255.0,51.0
GRASS,0.0,255.0,52.0
GRASS,0.0,255.0,53.0
GRASS,0.0,255.0,54.0
GRASS,0.0,255.0,55.0
GRASS,0.0,255.0,56.0
GRASS,0.0,255.0,57.0
GRASS,0.0,255.0,58.0
GRASS,0.0,255.0,59.0
GRASS,0.0,255.0,60.0
GRASS,0.0,255.0,61.0
GRASS,0.0,255.0,62.0
GRASS,0.0,255.0,63.0
GRASS,1.0,255.0,48.0
GRASS,1.0,255.0,49.0
GRASS,1.0,255.0,50.0
STONE,1.0,255.0,51.0
GRASS,1.0,254.0,51.0
GRASS,1.0,255.0,52.0
GRASS,1.0,255.0,53.0
GRASS,1.0,255.0,54.0
GRASS,1.0,255.0,55.0
GRASS,1.0,255.0,56.0
GRASS,1.0,255.0,57.0
GRASS,1.0,255.0,58.0
GRASS,1.0,255.0,59.0
STONE,1.0,255.0,60.0
GRASS,1.0,254.0,60.0
GRASS,1.0,255.0,61.0
GRASS,1.0,255.0,62.0
GRASS,1.0,255.0,63.0
GRASS,2.0,255.0,48.0
GRASS,2.0,255.0,49.0
STONE,2.0,255.0,50.0
GRASS,2.0,254.0,50.0
STONE,2.0,255.0,51.0
GRASS,2.0,254.0,51.0
STONE,2.0,255.0,52.0
GRASS,2.0,254.0,52.0
GRASS,2.0,255.0,53.0
GRASS,2.0,255.0,54.0
GRASS,2.0,255.0,55.0
STONE,2.0,253.0,56.0
STONE,2.0,254.0,56.0
STONE,2.0,255.0,56.0
GRASS,2.0,252.0,56.0
GRASS,2.0,255.0,57.0
GRASS,2.0,255.0,58.0
STONE,2.0,255.0,59.0
GRASS,2.0,254.0,59.0
STONE,2.0,255.0,60.0
GRASS,2.0,254.0,60.0
STONE,2.0,255.0,61.0
GRASS,2.0,254.0,61.0
GRASS,2.0,255.0,62.0
GRASS,2.0,255.0,63.0
GRASS,3.0,255.0,48.0
GRASS,3.0,255.0,49.0
GRASS,3.0,255.0,50.0
STONE,3.0,255.0,51.0
GRASS,3.0,254.0,51.0
STONE,3.0,255.0,52.0
GRASS,3.0,254.0,52.0
STONE,3.0,255.0,53.0
GRASS,3.0,254.0,53.0
GRASS,3.0,255.0,54.0
STONE,3.0,253.0,55.0
STONE,3.0,254.0,55.0
STONE,3.0,255.0,55.0
GRASS,3.0,252.0,55.0
STONE,3.0,253.0,56.0
STONE,3.0,254.0,56.0
STONE,3.0,255.0,56.0
GRASS,3.0,252.0,56.0
STONE,3.0,253.0,57.0
STONE,3.0,254.0,57.0
STONE,3.0,255.0,57.0
GRASS,3.0,252.0,57.0
STONE,3.0,255.0,58.0
GRASS,3.0,254.0,58.0
STONE,3.0,255.0,59.0
GRASS,3.0,254.0,59.0
STONE,3.0,253.0,60.0
STONE,3.0,254.0,60.0
STONE,3.0,255.0,60.0
GRASS,3.0,252.0,60.0
STONE,3.0,255.0,61.0
GRASS,3.0,254.0,61.0
STONE,3.0,255.0,62.0
GRASS,3.0,254.0,62.0
GRASS,3.0,255.0,63.0
GRASS,4.0,255.0,48.0
GRASS,4.0,255.0,49.0
STONE,4.0,255.0,50.0
GRASS,4.0,254.0,50.0
STONE,4.0,255.0,51.0
GRASS,4.0,254.0,51.0
STONE,4.0,254.0,52.0
STONE,4.0,255.0,52.0
GRASS,4.0,253.0,52.0
STONE,4.0,255.0,53.0
GRASS,4.0,254.0,53.0
STONE,4.0,253.0,54.0
STONE,4.0,254.0,54.0
STONE,4.0,255.0,54.0
LOG,4.0,251.0,54.0
LOG,4.0,250.0,54.0
LOG,4.0,249.0,54.0
LOG,4.0,248.0,54.0
LOG,4.0,247.0,54.0
LEAF,4.0,246.0,54.0
LEAF,3.0,247.0,54.0
LEAF,5.0,247.0,54.0
LEAF,4.0,247.0,53.0
LEAF,4.0,247.0,55.0
DIRT,4.0,252.0,54.0
STONE,4.0,253.0,55.0
STONE,4.0,254.0,55.0
STONE,4.0,255.0,55.0
GRASS,4.0,252.0,55.0
STONE,4.0,253.0,56.0
STONE,4.0,254.0,56.0
STONE,4.0,255.0,56.0
GRASS,4.0,252.0,56.0
STONE,4.0,253.0,57.0
STONE,4.0,254.0,57.0
STONE,4.0,255.0,57.0
GRASS,4.0,252.0,57.0
STONE,4.0,253.0,58.0
STONE,4.0,254.0,58.0
STONE,4.0,255.0,58.0
GRASS,4.0,252.0,58.0
STONE,4.0,255.0,59.0
GRASS,4.0,254.0,59.0
STONE,4.0,255.0,60.0
GRASS,4.0,254.0,60.0
STONE,4.0,255.0,61.0
GRASS,4.0,254.0,61.0
STONE,4.0,255.0,62.0
GRASS,4.0,254.0,62.0
GRASS,4.0,255.0,63.0
GRASS,5.0,255.0,48.0
GRASS,5.0,255.0,49.0
GRASS,5.0,255.0,50.0
STONE,5.0,255.0,51.0
GRASS,5.0,254.0,51.0
STONE,5.0,254.0,52.0
STONE,5.0,255.0,52.0
GRASS,5.0,253.0,52.0
STONE,5.0,255.0,53.0
GRASS,5.0,254.0,53.0
GRASS,5.0,255.0,54.0
STONE,5.0,253.0,55.0
STONE,5.0,254.0,55.0
STONE,5.0,255.0,55.0
GRASS,5.0,252.0,55.0
STONE,5.0,253.0,56.0
STONE,5.0,254.0,56.0
STONE,5.0,255.0,56.0
GRASS,5.0,252.0,56.0
STONE,5.0,253.0,57.0
STONE,5.0,254.0,57.0
STONE,5.0,255.0,57.0
GRASS,5.0,252.0,57.0
GRASS,5.0,255.0,58.0
STONE,5.0,255.0,59.0
GRASS,5.0,254.0,59.0
STONE,5.0,255.0,60.0
GRASS,5.0,254.0,60.0
STONE,5.0,254.0,61.0
STONE,5.0,255.0,61.0
GRASS,5.0,253.0,61.0
STONE,5.0,255.0,62.0
GRASS,5.0,254.0,62.0
STONE,5.0,255.0,63.0
GRASS,5.0,254.0,63.0
GRASS,6.0,255.0,48.0
GRASS,6.0,255.0,49.0
GRASS,6.0,255.0,50.0
STONE,6.0,254.0,51.0
STONE,6.0,255.0,51.0
GRASS,6.0,253.0,51.0
STONE,6.0,254.0,52.0
STONE,6.0,255.0,52.0
GRASS,6.0,253.0,52.0
STONE,6.0,252.0,53.0
STONE,6.0,253.0,53.0
STONE,6.0,254.0,53.0
STONE,6.0,255.0,53.0
GRASS,6.0,251.0,53.0
GRASS,6.0,255.0,54.0
GRASS,6.0,255.0,55.0
STONE,6.0,253.0,56.0
STONE,6.0,254.0,56.0
STONE,6.0,255.0,56.0
GRASS,6.0,252.0,56.0
GRASS,6.0,255.0,57.0
GRASS,6.0,255.0,58.0
GRASS,6.0,255.0,59.0
STONE,6.0,255.0,60.0
GRASS,6.0,254.0,60.0
STONE,6.0,255.0,61.0
GRASS,6.0,254.0,61.0
STONE,6.0,255.0,62.0
GRASS,6.0,254.0,62.0
STONE,6.0,255.0,63.0
GRASS,6.0,254.0,63.0
GRASS,7.0,255.0,48.0
GRASS,7.0,255.0,49.0
STONE,7.0,254.0,50.0
STONE,7.0,255.0,50.0
GRASS,7.0,253.0,50.0
STONE,7.0,252.0,51.0
STONE,7.0,253.0,51.0
STONE,7.0,254.0,51.0
STONE,7.0,255.0,51.0
GRASS,7.0,251.0,51.0
STONE,7.0,252.0,52.0
STONE,7.0,253.0,52.0
STONE,7.0,254.0,52.0
STONE,7.0,255.0,52.0
GRASS,7.0,251.0,52.0
STONE,7.0,252.0,53.0
STONE,7.0,253.0,53.0
STONE,7.0,254.0,53.0
STONE,7.0,255.0,53.0
GRASS,7.0,251.0,53.0
STONE,7.0,252.0,54.0
STONE,7.0,253.0,54.0
STONE,7.0,254.0,54.0
STONE,7.0,255.0,54.0
GRASS,7.0,251.0,54.0
STONE,7.0,252.0,55.0
STONE,7.0,253.0,55.0
STONE,7.0,254.0,55.0
STONE,7.0,255.0,55.0
GRASS,7.0,251.0,55.0
GRASS,7.0,255.0,56.0
GRASS,7.0,255.0,57.0
GRASS,7.0,255.0,58.0
GRASS,7.0,255.0,59.0
GRASS,7.0,255.0,60.0
STONE,7.0,255.0,61.0
GRASS,7.0,254.0,61.0
STONE,7.0,255.0,62.0
GRASS,7.0,254.0,62.0
STONE,7.0,255.0,63.0
GRASS,7.0,254.0,63.0
GRASS,8.0,255.0,48.0
GRASS,8.0,255.0,49.0
GRASS,8.0,255.0,50.0
STONE,8.0,251.0,51.0
STONE,8.0,252.0,51.0
STONE,8.0,253.0,51.0
STONE,8.0,254.0,51.0
STONE,8.0,255.0,51.0
GRASS,8.0,250.0,51.0
STONE,8.0,252.0,52.0
STONE,8.0,253.0,52.0
STONE,8.0,254.0,52.0
STONE,8.0,255.0,52.0
GRASS,8.0,251.0,52.0
STONE,8.0,252.0,53.0
STONE,8.0,253.0,53.0
STONE,8.0,254.0,53.0
STONE,8.0,255.0,53.0
GRASS,8.0,251.0,53.0
STONE,8.0,255.0,54.0
GRASS,8.0,254.0,54.0
STONE,8.0,252.0,55.0
STONE,8.0,253.0,55.0
STONE,8.0,254.0,55.0
STONE,8.0,255.0,55.0
GRASS,8.0,251.0,55.0
GRASS,8.0,255.0,56.0
GRASS,8.0,255.0,57.0
GRASS,8.0,255.0,58.0
LOG,8.0,254.0,59.0
LOG,8.0,253.0,59.0
LOG,8.0,252.0,59.0
LOG,8.0,251.0,59.0
LEAF,8.0,250.0,59.0
LEAF,7.0,251.0,59.0
LEAF,9.0,251.0,59.0
LEAF,8.0,251.0,58.0
LEAF,8.0,251.0,60.0
DIRT,8.0,255.0,59.0
GRASS,8.0,255.0,60.0
STONE,8.0,255.0,61.0
GRASS,8.0,254.0,61.0
STONE,8.0,255.0,62.0
GRASS,8.0,254.0,62.0
STONE,8.0,254.0,63.0
STONE,8.0,255.0,63.0
GRASS,8.0,253.0,63.0
GRASS,9.0,255.0,48.0
STONE,9.0,251.0,49.0
STONE,9.0,252.0,49.0
STONE,9.0,253.0,49.0
STONE,9.0,254.0,49.0
STONE,9.0,255.0,49.0
GRASS,9.0,250.0,49.0
STONE,9.0,251.0,50.0
STONE,9.0,252.0,50.0
STONE,9.0,253.0,50.0
STONE,9.0,254.0,50.0
STONE,9.0,255.0,50.0
GRASS,9.0,250.0,50.0
STONE,9.0,251.0,51.0
STONE,9.0,252.0,51.0
STONE,9.0,253.0,51.0
STONE,9.0,254.0,51.0
STONE,9.0,255.0,51.0
GRASS,9.0,250.0,51.0
STONE,9.0,251.0,52.0
STONE,9.0,252.0,52.0
STONE,9.0,253.0,52.0
STONE,9.0,254.0,52.0
STONE,9.0,255.0,52.0
GRASS,9.0,250.0,52.0
STONE,9.0,251.0,53.0
STONE,9.0,252.0,53.0
STONE,9.0,253.0,53.0
STONE,9.0,254.0,53.0
STONE,9.0,255.0,53.0
GRASS,9.0,250.0,53.0
STONE,9.0,255.0,54.0
GRASS,9.0,254.0,54.0
STONE,9.0,255.0,55.0
GRASS,9.0,254.0,55.0
STONE,9.0,252.0,56.0
STONE,9.0,253.0,56.0
STONE,9.0,254.0,56.0
STONE,9.0,255.0,56.0
GRASS,9.0,251.0,56.0
GRASS,9.0,255.0,57.0
GRASS,9.0,255.0,58.0
GRASS,9.0,255.0,59.0
GRASS,9.0,255.0,60.0
GRASS,9.0,255.0,61.0
STONE,9.0,255.0,62.0
GRASS,9.0,254.0,62.0
STONE,9.0,252.0,63.0
STONE,9.0,253.0,63.0
STONE,9.0,254.0,63.0
STONE,9.0,255.0,63.0
GRASS,9.0,251.0,63.0
STONE,10.0,251.0,48.0
STONE,10.0,252.0,48.0
STONE,10.0,253.0,48.0
STONE,10.0,254.0,48.0
STONE,10.0,255.0,48.0
GRASS,10.0,250.0,48.0
STONE,10.0,251.0,49.0
STONE,10.0,252.0,49.0
STONE,10.0,253.0,49.0
STONE,10.0,254.0,49.0
STONE,10.0,255.0,49.0
GRASS,10.0,250.0,49.0
STONE,10.0,251.0,50.0
STONE,10.0,252.0,50.0
STONE,10.0,253.0,50.0
STONE,10.0,254.0,50.0
STONE,10.0,255.0,50.0
GRASS,10.0,250.0,50.0
STONE,10.0,251.0,51.0
STONE,10.0,252.0,51.0
STONE,10.0,253.0,51.0
STONE,10.0,254.0,51.0
STONE,10.0,255.0,51.0
GRASS,10.0,250.0,51.0
STONE,10.0,251.0,52.0
STONE,10.0,252.0,52.0
STONE,10.0,253.0,52.0
STONE,10.0,254.0,52.0
STONE,10.0,255.0,52.0
GRASS,10.0,250.0,52.0
STONE,10.0,251.0,53.0
STONE,10.0,252.0,53.0
STONE,10.0,253.0,53.0
STONE,10.0,254.0,53.0
STONE,10.0,255.0,53.0
GRASS,10.0,250.0,53.0
STONE,10.0,253.0,54.0
STONE,10.0,254.0,54.0
STONE,10.0,255.0,54.0
GRASS,10.0,252.0,54.0
STONE,10.0,255.0,55.0
GRASS,10.0,254.0,55.0
STONE,10.0,255.0,56.0
GRASS,10.0,254.0,56.0
GRASS,10.0,255.0,57.0
GRASS,10.0,255.0,58.0
GRASS,10.0,255.0,59.0
GRASS,10.0,255.0,60.0
GRASS,10.0,255.0,61.0
GRASS,10.0,255.0,62.0
STONE,10.0,252.0,63.0
STONE,10.0,253.0,63.0
STONE,10.0,254.0,63.0
STONE,10.0,255.0,63.0
GRASS,10.0,251.0,63.0
STONE,11.0,254.0,48.0
STONE,11.0,255.0,48.0
GRASS,11.0,253.0,48.0
STONE,11.0,254.0,49.0
STONE,11.0,255.0,49.0
GRASS,11.0,253.0,49.0
STONE,11.0,251.0,50.0
STONE,11.0,252.0,50.0
STONE,11.0,253.0,50.0
STONE,11.0,254.0,50.0
STONE,11.0,255.0,50.0
GRASS,11.0,250.0,50.0
STONE,11.0,251.0,51.0
STONE,11.0,252.0,51.0
STONE,11.0,253.0,51.0
STONE,11.0,254.0,51.0
STONE,11.0,255.0,51.0
GRASS,11.0,250.0,51.0
STONE,11.0,251.0,52.0
STONE,11.0,252.0,52.0
STONE,11.0,253.0,52.0
STONE,11.0,254.0,52.0
STONE,11.0,255.0,52.0
GRASS,11.0,250.0,52.0
STONE,11.0,253.0,53.0
STONE,11.0,254.0,53.0
STONE,11.0,255.0,53.0
GRASS,11.0,252.0,53.0
STONE,11.0,253.0,54.0
STONE,11.0,254.0,54.0
STONE,11.0,255.0,54.0
GRASS,11.0,252.0,54.0
STONE,11.0,253.0,55.0
STONE,11.0,254.0,55.0
STONE,11.0,255.0,55.0
GRASS,11.0,252.0,55.0
GRASS,11.0,255.0,56.0
GRASS,11.0,255.0,57.0
GRASS,11.0,255.0,58.0
STONE,11.0,255.0,59.0
GRASS,11.0,254.0,59.0
GRASS,11.0,255.0,60.0
LOG,11.0,254.0,61.0
LOG,11.0,253.0,61.0
LOG,11.0,252.0,61.0
LOG,11.0,251.0,61.0
LEAF,11.0,250.0,61.0
LEAF,10.0,251.0,61.0
LEAF,12.0,251.0,61.0
LEAF,11.0,251.0,60.0
LEAF,11.0,251.0,62.0
DIRT,11.0,255.0,61.0
STONE,11.0,252.0,62.0
STONE,11.0,253.0,62.0
STONE,11.0,254.0,62.0
STONE,11.0,255.0,62.0
GRASS,11.0,251.0,62.0
STONE,11.0,252.0,63.0
STONE,11.0,253.0,63.0
STONE,11.0,254.0,63.0
STONE,11.0,255.0,63.0
GRASS,11.0,251.0,63.0
STONE,12.0,254.0,48.0
STONE,12.0,255.0,48.0
GRASS,12.0,253.0,48.0
STONE,12.0,254.0,49.0
STONE,12.0,255.0,49.0
GRASS,12.0,253.0,49.0
STONE,12.0,251.0,50.0
STONE,12.0,252.0,50.0
STONE,12.0,253.0,50.0
STONE,12.0,254.0,50.0
STONE,12.0,255.0,50.0
GRASS,12.0,250.0,50.0
STONE,12.0,251.0,51.0
STONE,12.0,252.0,51.0
STONE,12.0,253.0,51.0
STONE,12.0,254.0,51.0
STONE,12.0,255.0,51.0
GRASS,12.0,250.0,51.0
STONE,12.0,253.0,52.0
STONE,12.0,254.0,52.0
STONE,12.0,255.0,52.0
GRASS,12.0,252.0,52.0
STONE,12.0,253.0,53.0
STONE,12.0,254.0,53.0
STONE,12.0,255.0,53.0
GRASS,12.0,252.0,53.0
STONE,12.0,253.0,54.0
STONE,12.0,254.0,54.0
STONE,12.0,255.0,54.0
GRASS,12.0,252.0,54.0
STONE,12.0,253.0,55.0
STONE,12.0,254.0,55.0
STONE,12.0,255.0,55.0
GRASS,12.0,252.0,55.0
STONE,12.0,253.0,56.0
STONE,12.0,254.0,56.0
STONE,12.0,255.0,56.0
GRASS,12.0,252.0,56.0
GRASS,12.0,255.0,57.0
STONE,12.0,255.0,58.0
GRASS,12.0,254.0,58.0
STONE,12.0,255.0,59.0
GRASS,12.0,254.0,59.0
STONE,12.0,255.0,60.0
GRASS,12.0,254.0,60.0
GRASS,12.0,255.0,61.0
GRASS,12.0,255.0,62.0
STONE,12.0,252.0,63.0
STONE,12.0,253.0,63.0
STONE,12.0,254.0,63.0
STONE,12.0,255.0,63.0
GRASS,12.0,251.0,63.0
STONE,13.0,254.0,48.0
STONE,13.0,255.0,48.0
GRASS,13.0,253.0,48.0
STONE,13.0,254.0,49.0
STONE,13.0,255.0,49.0
GRASS,13.0,253.0,49.0
STONE,13.0,254.0,50.0
STONE,13.0,255.0,50.0
LOG,13.0,252.0,50.0
LOG,13.0,251.0,50.0
LOG,13.0,250.0,50.0
LOG,13.0,249.0,50.0
LOG,13.0,248.0,50.0
LEAF,13.0,247.0,50.0
LEAF,12.0,248.0,50.0
LEAF,14.0,248.0,50.0
LEAF,13.0,248.0,49.0
LEAF,13.0,248.0,51.0
DIRT,13.0,253.0,50.0
STONE,13.0,251.0,51.0
STONE,13.0,252.0,51.0
STONE,13.0,253.0,51.0
STONE,13.0,254.0,51.0
STONE,13.0,255.0,51.0
GRASS,13.0,250.0,51.0
STONE,13.0,253.0,52.0
STONE,13.0,254.0,52.0
STONE,13.0,255.0,52.0
GRASS,13.0,252.0,52.0
STONE,13.0,253.0,53.0
STONE,13.0,254.0,53.0
STONE,13.0,255.0,53.0
GRASS,13.0,252.0,53.0
STONE,13.0,253.0,54.0
STONE,13.0,254.0,54.0
STONE,13.0,255.0,54.0
GRASS,13.0,252.0,54.0
STONE,13.0,253.0,55.0
STONE,13.0,254.0,55.0
STONE,13.0,255.0,55.0
GRASS,13.0,252.0,55.0
STONE,13.0,253.0,56.0
STONE,13.0,254.0,56.0
STONE,13.0,255.0,56.0
GRASS,13.0,252.0,56.0
STONE,13.0,255.0,57.0
GRASS,13.0,254.0,57.0
STONE,13.0,255.0,58.0
GRASS,13.0,254.0,58.0
STONE,13.0,254.0,59.0
STONE,13.0,255.0,59.0
GRASS,13.0,253.0,59.0
STONE,13.0,255.0,60.0
GRASS,13.0,254.0,60.0
STONE,13.0,255.0,61.0
GRASS,13.0,254.0,61.0
GRASS,13.0,255.0,62.0
STONE,13.0,255.0,63.0
GRASS,13.0,254.0,63.0
STONE,14.0,245.0,48.0
STONE,14.0,246.0,48.0
STONE,14.0,247.0,48.0
STONE,14.0,248.0,48.0
STONE,14.0,249.0,48.0
STONE,14.0,250.0,48.0
STONE,14.0,251.0,48.0
STONE,14.0,252.0,48.0
STONE,14.0,253.0,48.0
STONE,14.0,254.0,48.0
STONE,14.0,255.0,48.0
GRASS,14.0,244.0,48.0
STONE,14.0,254.0,49.0
STONE,14.0,255.0,49.0
GRASS,14.0,253.0,49.0
STONE,14.0,254.0,50.0
STONE,14.0,255.0,50.0
GRASS,14.0,253.0,50.0
STONE,14.0,254.0,51.0
STONE,14.0,255.0,51.0
GRASS,14.0,253.0,51.0
STONE,14.0,251.0,52.0
STONE,14.0,252.0,52.0
STONE,14.0,253.0,52.0
STONE,14.0,254.0,52.0
STONE,14.0,255.0,52.0
GRASS,14.0,250.0,52.0
STONE,14.0,253.0,53.0
STONE,14.0,254.0,53.0
STONE,14.0,255.0,53.0
GRASS,14.0,252.0,53.0
STONE,14.0,253.0,54.0
STONE,14.0,254.0,54.0
STONE,14.0,255.0,54.0
GRASS,14.0,252.0,54.0
STONE,14.0,253.0,55.0
STONE,14.0,254.0,55.0
STONE,14.0,255.0,55.0
GRASS,14.0,252.0,55.0
GRASS,14.0,255.0,56.0
LOG,14.0,254.0,57.0
LOG,14.0,253.0,57.0
LOG,14.0,252.0,57.0
LOG,14.0,251.0,57.0
LEAF,14.0,250.0,57.0
LEAF,13.0,251.0,57.0
LEAF,15.0,251.0,57.0
LEAF,14.0,251.0,56.0
LEAF,14.0,251.0,58.0
DIRT,14.0,255.0,57.0
STONE,14.0,255.0,58.0
GRASS,14.0,254.0,58.0
STONE,14.0,255.0,59.0
GRASS,14.0,254.0,59.0
STONE,14.0,255.0,60.0
GRASS,14.0,254.0,60.0
GRASS,14.0,255.0,61.0
GRASS,14.0,255.0,62.0
GRASS,14.0,255.0,63.0
STONE,15.0,245.0,48.0
STONE,15.0,246.0,48.0
STONE,15.0,247.0,48.0
STONE,15.0,248.0,48.0
STONE,15.0,249.0,48.0
STONE,15.0,250.0,48.0
STONE,15.0,251.0,48.0
STONE,15.0,252.0,48.0
STONE,15.0,253.0,48.0
STONE,15.0,254.0,48.0
STONE,15.0,255.0,48.0
GRASS,15.0,244.0,48.0
STONE,15.0,245.0,49.0
STONE,15.0,246.0,49.0
STONE,15.0,247.0,49.0
STONE,15.0,248.0,49.0
STONE,15.0,249.0,49.0
STONE,15.0,250.0,49.0
STONE,15.0,251.0,49.0
STONE,15.0,252.0,49.0
STONE,15.0,253.0,49.0
STONE,15.0,254.0,49.0
STONE,15.0,255.0,49.0
GRASS,15.0,244.0,49.0
STONE,15.0,254.0,50.0
STONE,15.0,255.0,50.0
GRASS,15.0,253.0,50.0
STONE,15.0,254.0,51.0
STONE,15.0,255.0,51.0
GRASS,15.0,253.0,51.0
STONE,15.0,251.0,52.0
STONE,15.0,252.0,52.0
STONE,15.0,253.0,52.0
STONE,15.0,254.0,52.0
STONE,15.0,255.0,52.0
GRASS,15.0,250.0,52.0
STONE,15.0,253.0,53.0
STONE,15.0,254.0,53.0
STONE,15.0,255.0,53.0
GRASS,15.0,252.0,53.0
STONE,15.0,253.0,54.0
STONE,15.0,254.0,54.0
STONE,15.0,255.0,54.0
GRASS,15.0,252.0,54.0
STONE,15.0,253.0,55.0
STONE,15.0,254.0,55.0
STONE,15.0,255.0,55.0
GRASS,15.0,252.0,55.0
GRASS,15.0,255.0,56.0
GRASS,15.0,255.0,57.0
GRASS,15.0,255.0,58.0
STONE,15.0,255.0,59.0
GRASS,15.0,254.0,59.0
GRASS,15.0,255.0,60.0
LOG,15.0,254.0,61.0
LOG,15.0,253.0,61.0
LOG,15.0,252.0,61.0
LOG,15.0,251.0,61.0
LOG,15.0,250.0,61.0
LEAF,15.0,249.0,61.0
LEAF,14.0,250.0,61.0
LEAF,16.0,250.0,61.0
LEAF,15.0,250.0,60.0
LEAF,15.0,250.0,62.0
DIRT,15.0,255.0,61.0
GRASS,15.0,255.0,62.0
GRASS,15.0,255.0,63.0
