GRASS,0.0,20.4,5.12
STONE,0.0,20.4,5.2
GRASS,0.0,20.32,5.2
STONE,0.0,20.4,5.2799997
GRASS,0.0,20.32,5.2799997
STONE,0.0,20.4,5.3599997
GRASS,0.0,20.32,5.3599997
BIRCH_LOG,0.0,20.32,5.44
BIRCH_LOG,0.0,20.24,5.44
BIRCH_LOG,0.0,20.16,5.44
BIRCH_LOG,0.0,20.08,5.44
BIRCH_LOG,0.0,20.0,5.44
LEAF,0.0,19.92,5.44
LEAF,0.08,20.0,5.44
LEAF,0.0,20.0,5.36
LEAF,0.0,20.0,5.52
DIRT,0.0,20.4,5.44
GRASS,0.0,20.4,5.52
GRASS,0.0,20.4,5.6
BIRCH_LOG,0.0,20.32,5.68
BIRCH_LOG,0.0,20.24,5.68
BIRCH_LOG,0.0,20.16,5.68
BIRCH_LOG,0.0,20.08,5.68
LEAF,0.0,20.0,5.68
LEAF,0.08,20.08,5.68
LEAF,0.0,20.08,5.6
LEAF,0.0,20.08,5.7599998
DIRT,0.0,20.4,5.68
GRASS,0.0,20.4,5.7599998
GRASS,0.0,20.4,5.8399997
GRASS,0.0,20.4,5.92
GRASS,0.0,20.4,6.0
GRASS,0.0,20.4,6.08
GRASS,0.0,20.4,6.16
GRASS,0.0,20.4,6.24
GRASS,0.0,20.4,6.3199997
STONE,0.08,20.4,5.12
GRASS,0.08,20.32,5.12
STONE,0.08,20.4,5.2
GRASS,0.08,20.32,5.2
STONE,0.08,20.32,5.2799997
STONE,0.08,20.4,5.2799997
GRASS,0.08,20.24,5.2799997
STONE,0.08,20.4,5.3599997
GRASS,0.08,20.32,5.3599997
STONE,0.08,20.4,5.44
GRASS,0.08,20.32,5.44
GRASS,0.08,20.4,5.52
GRASS,0.08,20.4,5.6
GRASS,0.08,20.4,5.68
GRASS,0.08,20.4,5.7599998
GRASS,0.08,20.4,5.8399997
LOG,0.08,20.32,5.92
LOG,0.08,20.24,5.92
LOG,0.08,20.16,5.92
LOG,0.08,20.08,5.92
LEAF,0.08,20.0,5.92
LEAF,0.0,20.08,5.92
LEAF,0.16,20.08,5.92
LEAF,0.08,20.08,5.84
LEAF,0.08,20.08,6.0
DIRT,0.08,20.4,5.92
GRASS,0.08,20.4,6.0
GRASS,0.08,20.4,6.08
GRASS,0.08,20.4,6.16
GRASS,0.08,20.4,6.24
STONE,0.08,20.4,6.3199997
GRASS,0.08,20.32,6.3199997
GRASS,0.16,20.4,5.12
STONE,0.16,20.4,5.2
GRASS,0.16,20.32,5.2
STONE,0.16,20.4,5.2799997
GRASS,0.16,20.32,5.2799997
STONE,0.16,20.4,5.3599997
GRASS,0.16,20.32,5.3599997
GRASS,0.16,20.4,5.44
GRASS,0.16,20.4,5.52
GRASS,0.16,20.4,5.6
GRASS,0.16,20.4,5.68
GRASS,0.16,20.4,5.7599998
GRASS,0.16,20.4,5.8399997
GRASS,0.16,20.4,5.92
GRASS,0.16,20.4,6.0
GRASS,0.16,20.4,6.08
GRASS,0.16,20.4,6.16
GRASS,0.16,20.4,6.24
GRASS,0.16,20.4,6.3199997
GRASS,0.24,20.4,5.12
GRASS,0.24,20.4,5.2
STONE,0.24,20.4,5.2799997
GRASS,0.24,20.32,5.2799997
GRASS,0.24,20.4,5.3599997
GRASS,0.24,20.4,5.44
GRASS,0.24,20.4,5.52
GRASS,0.24,20.4,5.6
GRASS,0.24,20.4,5.68
GRASS,0.24,20.4,5.7599998
GRASS,0.24,20.4,5.8399997
GRASS,0.24,20.4,5.92
GRASS,0.24,20.4,6.0
GRASS,0.24,20.4,6.08
GRASS,0.24,20.4,6.16
GRASS,0.24,20.4,6.24
GRASS,0.24,20.4,6.3199997
GRASS,0.32,20.4,5.12
GRASS,0.32,20.4,5.2
GRASS,0.32,20.4,5.2799997
GRASS,0.32,20.4,5.3599997
GRASS,0.32,20.4,5.44
GRASS,0.32,20.4,5.52
GRASS,0.32,20.4,5.6
GRASS,0.32,20.4,5.68
STONE,0.32,20.4,5.7599998
GRASS,0.32,20.32,5.7599998
GRASS,0.32,20.4,5.8399997
GRASS,0.32,20.4,5.92
GRASS,0.32,20.4,6.0
GRASS,0.32,20.4,6.08
GRASS,0.32,20.4,6.16
GRASS,0.32,20.4,6.24
GRASS,0.32,20.4,6.3199997
GRASS,0.39999998,20.4,5.12
GRASS,0.39999998,20.4,5.2
GRASS,0.39999998,20.4,5.2799997
GRASS,0.39999998,20.4,5.3599997
GRASS,0.39999998,20.4,5.44
BIRCH_LOG,0.39999998,20.32,5.52
BIRCH_LOG,0.39999998,20.24,5.52
BIRCH_LOG,0.39999998,20.16,5.52
BIRCH_LOG,0.39999998,20.08,5.52
LEAF,0.39999998,20.0,5.52
LEAF,0.32,20.08,5.52
LEAF,0.47999996,20.08,5.52
LEAF,0.39999998,20.08,5.44
LEAF,0.39999998,20.08,5.6
DIRT,0.39999998,20.4,5.52
GRASS,0.39999998,20.4,5.6
STONE,0.39999998,20.4,5.68
GRASS,0.39999998,20.32,5.68
STONE,0.39999998,20.4,5.7599998
GRASS,0.39999998,20.32,5.7599998
STONE,0.39999998,20.4,5.8399997
GRASS,0.39999998,20.32,5.8399997
GRASS,0.39999998,20.4,5.92
GRASS,0.39999998,20.4,6.0
GRASS,0.39999998,20.4,6.08
GRASS,0.39999998,20.4,6.16
GRASS,0.39999998,20.4,6.24
GRASS,0.39999998,20.4,6.3199997
STONE,0.48,20.4,5.12
GRASS,0.48,20.32,5.12
GRASS,0.48,20.4,5.2
GRASS,0.48,20.4,5.2799997
GRASS,0.48,20.4,5.3599997
GRASS,0.48,20.4,5.44
GRASS,0.48,20.4,5.52
STONE,0.48,20.4,5.6
GRASS,0.48,20.32,5.6
STONE,0.48,20.4,5.68
GRASS,0.48,20.32,5.68
STONE,0.48,20.32,5.7599998
STONE,0.48,20.4,5.7599998
GRASS,0.48,20.24,5.7599998
STONE,0.48,20.4,5.8399997
GRASS,0.48,20.32,5.8399997
STONE,0.48,20.4,5.92
GRASS,0.48,20.32,5.92
GRASS,0.48,20.4,6.0
GRASS,0.48,20.4,6.08
STONE,0.48,20.4,6.16
GRASS,0.48,20.32,6.16
GRASS,0.48,20.4,6.24
GRASS,0.48,20.4,6.3199997
GRASS,0.56,20.4,5.12
GRASS,0.56,20.4,5.2
GRASS,0.56,20.4,5.2799997
GRASS,0.56,20.4,5.3599997
GRASS,0.56,20.4,5.44
GRASS,0.56,20.4,5.52
GRASS,0.56,20.4,5.6
STONE,0.56,20.4,5.68
GRASS,0.56,20.32,5.68
STONE,0.56,20.4,5.7599998
GRASS,0.56,20.32,5.7599998
STONE,0.56,20.4,5.8399997
GRASS,0.56,20.32,5.8399997
GRASS,0.56,20.4,5.92
GRASS,0.56,20.4,6.0
STONE,0.56,20.4,6.08
GRASS,0.56,20.32,6.08
STONE,0.56,20.4,6.16
GRASS,0.56,20.32,6.16
STONE,0.56,20.4,6.24
GRASS,0.56,20.32,6.24
GRASS,0.56,20.4,6.3199997
GRASS,0.64,20.4,5.12
GRASS,0.64,20.4,5.2
GRASS,0.64,20.4,5.2799997
GRASS,0.64,20.4,5.3599997
GRASS,0.64,20.4,5.44
GRASS,0.64,20.4,5.52
GRASS,0.64,20.4,5.6
GRASS,0.64,20.4,5.68
STONE,0.64,20.4,5.7599998
GRASS,0.64,20.32,5.7599998
GRASS,0.64,20.4,5.8399997
GRASS,0.64,20.4,5.92
GRASS,0.64,20.4,6.0
GRASS,0.64,20.4,6.08
STONE,0.64,20.4,6.16
GRASS,0.64,20.32,6.16
GRASS,0.64,20.4,6.24
GRASS,0.64,20.4,6.3199997
GRASS,0.71999997,20.4,5.12
GRASS,0.71999997,20.4,5.2
GRASS,0.71999997,20.4,5.2799997
GRASS,0.71999997,20.4,5.3599997
GRASS,0.71999997,20.4,5.44
GRASS,0.71999997,20.4,5.52
GRASS,0.71999997,20.4,5.6
GRASS,0.71999997,20.4,5.68
GRASS,0.71999997,20.4,5.7599998
GRASS,0.71999997,20.4,5.8399997
GRASS,0.71999997,20.4,5.92
GRASS,0.71999997,20.4,6.0
GRASS,0.71999997,20.4,6.08
GRASS,0.71999997,20.4,6.16
GRASS,0.71999997,20.4,6.24
GRASS,0.71999997,20.4,6.3199997
GRASS,0.79999995,20.4,5.12
GRASS,0.79999995,20.4,5.2
GRASS,0.79999995,20.4,5.2799997
GRASS,0.79999995,20.4,5.3599997
GRASS,0.79999995,20.4,5.44
GRASS,0.79999995,20.4,5.52
GRASS,0.79999995,20.4,5.6
GRASS,0.79999995,20.4,5.68
GRASS,0.79999995,20.4,5.7599998
GRASS,0.79999995,20.4,5.8399997
GRASS,0.79999995,20.4,5.92
GRASS,0.79999995,20.4,6.0
GRASS,0.79999995,20.4,6.08
GRASS,0.79999995,20.4,6.16
GRASS,0.79999995,20.4,6.24
GRASS,0.79999995,20.4,6.3199997
GRASS,0.88,20.4,5.12
GRASS,0.88,20.4,5.2
GRASS,0.88,20.4,5.2799997
GRASS,0.88,20.4,5.3599997
GRASS,0.88,20.4,5.44
GRASS,0.88,20.4,5.52
GRASS,0.88,20.4,5.6
GRASS,0.88,20.4,5.68
GRASS,0.88,20.4,5.7599998
GRASS,0.88,20.4,5.8399997
GRASS,0.88,20.4,5.92
GRASS,0.88,20.4,6.0
GRASS,0.88,20.4,6.08
GRASS,0.88,20.4,6.16
GRASS,0.88,20.4,6.24
GRASS,0.88,20.4,6.3199997
STONE,0.96,20.4,5.12
GRASS,0.96,20.32,5.12
GRASS,0.96,20.4,5.2
GRASS,0.96,20.4,5.2799997
GRASS,0.96,20.4,5.3599997
GRASS,0.96,20.4,5.44
GRASS,0.96,20.4,5.52
LOG,0.96,20.32,5.6
LOG,0.96,20.24,5.6
LOG,0.96,20.16,5.6
LOG,0.96,20.08,5.6
LOG,0.96,20.0,5.6
LEAF,0.96,19.92,5.6
LEAF,0.88,20.0,5.6
LEAF,1.04,20.0,5.6
LEAF,0.96,20.0,5.52
LEAF,0.96,20.0,5.68
DIRT,0.96,20.4,5.6
GRASS,0.96,20.4,5.68
GRASS,0.96,20.4,5.7599998
GRASS,0.96,20.4,5.8399997
GRASS,0.96,20.4,5.92
GRASS,0.96,20.4,6.0
GRASS,0.96,20.4,6.08
STONE,0.96,20.4,6.16
GRASS,0.96,20.32,6.16
GRASS,0.96,20.4,6.24
GRASS,0.96,20.4,6.3199997
GRASS,1.04,20.4,5.12
GRASS,1.04,20.4,5.2
GRASS,1.04,20.4,5.2799997
GRASS,1.04,20.4,5.3599997
GRASS,1.04,20.4,5.44
GRASS,1.04,20.4,5.52
GRASS,1.04,20.4,5.6
GRASS,1.04,20.4,5.68
GRASS,1.04,20.4,5.7599998
GRASS,1.04,20.4,5.8399997
BIRCH_LOG,1.04,20.32,5.92
BIRCH_LOG,1.04,20.24,5.92
BIRCH_LOG,1.04,20.16,5.92
BIRCH_LOG,1.04,20.08,5.92
BIRCH_LOG,1.04,20.0,5.92
LEAF,1.04,19.92,5.92
LEAF,0.96,20.0,5.92
LEAF,1.12,20.0,5.92
LEAF,1.04,20.0,5.84
LEAF,1.04,20.0,6.0
DIRT,1.04,20.4,5.92
GRASS,1.04,20.4,6.0
STONE,1.04,20.4,6.08
GRASS,1.04,20.32,6.08
STONE,1.04,20.4,6.16
GRASS,1.04,20.32,6.16
GRASS,1.04,20.4,6.24
GRASS,1.04,20.4,6.3199997
GRASS,1.12,20.4,5.12
GRASS,1.12,20.4,5.2
GRASS,1.12,20.4,5.2799997
GRASS,1.12,20.4,5.3599997
GRASS,1.12,20.4,5.44
GRASS,1.12,20.4,5.52
BIRCH_LOG,1.12,20.32,5.6
BIRCH_LOG,1.12,20.24,5.6
BIRCH_LOG,1.12,20.16,5.6
BIRCH_LOG,1.12,20.08,5.6
LEAF,1.12,20.0,5.6
LEAF,1.04,20.08,5.6
LEAF,1.2,20.08,5.6
LEAF,1.12,20.08,5.52
LEAF,1.12,20.08,5.68
DIRT,1.12,20.4,5.6
GRASS,1.12,20.4,5.68
GRASS,1.12,20.4,5.7599998
GRASS,1.12,20.4,5.8399997
GRASS,1.12,20.4,5.92
STONE,1.12,20.4,6.0
GRASS,1.12,20.32,6.0
STONE,1.12,20.4,6.08
GRASS,1.12,20.32,6.08
STONE,1.12,20.32,6.16
STONE,1.12,20.4,6.16
GRASS,1.12,20.24,6.16
GRASS,1.12,20.4,6.24
GRASS,1.12,20.4,6.3199997
GRASS,1.1999999,20.4,5.12
GRASS,1.1999999,20.4,5.2
GRASS,1.1999999,20.4,5.2799997
GRASS,1.1999999,20.4,5.3599997
GRASS,1.1999999,20.4,5.44
GRASS,1.1999999,20.4,5.52
GRASS,1.1999999,20.4,5.6
GRASS,1.1999999,20.4,5.68
GRASS,1.1999999,20.4,5.7599998
GRASS,1.1999999,20.4,5.8399997
GRASS,1.1999999,20.4,5.92
GRASS,1.1999999,20.4,6.0
STONE,1.1999999,20.4,6.08
GRASS,1.1999999,20.32,6.08
STONE,1.1999999,20.4,6.16
GRASS,1.1999999,20.32,6.16
GRASS,1.1999999,20.4,6.24
GRASS,1.1999999,20.4,6.3199997
