GRASS,0.0,255.0,32.0
GRASS,0.0,255.0,33.0
GRASS,0.0,255.0,34.0
GRASS,0.0,255.0,35.0
GRASS,0.0,255.0,36.0
GRASS,0.0,255.0,37.0
GRASS,0.0,255.0,38.0
GRASS,0.0,255.0,39.0
GRASS,0.0,255.0,40.0
GRASS,0.0,255.0,41.0
GRASS,0.0,255.0,42.0
GRASS,0.0,255.0,43.0
GRASS,0.0,255.0,44.0
GRASS,0.0,255.0,45.0
GRASS,0.0,255.0,46.0
GRASS,0.0,255.0,47.0
GRASS,1.0,255.0,32.0
GRASS,1.0,255.0,33.0
GRASS,1.0,255.0,34.0
GRASS,1.0,255.0,35.0
GRASS,1.0,255.0,36.0
GRASS,1.0,255.0,37.0
GRASS,1.0,255.0,38.0
GRASS,1.0,255.0,39.0
GRASS,1.0,255.0,40.0
GRASS,1.0,255.0,41.0
GRASS,1.0,255.0,42.0
GRASS,1.0,255.0,43.0
GRASS,1.0,255.0,44.0
GRASS,1.0,255.0,45.0
GRASS,1.0,255.0,46.0
GRASS,1.0,255.0,47.0
GRASS,2.0,255.0,32.0
GRASS,2.0,255.0,33.0
GRASS,2.0,255.0,34.0
GRASS,2.0,255.0,35.0
GRASS,2.0,255.0,36.0
GRASS,2.0,255.0,37.0
STONE,2.0,255.0,38.0
GRASS,2.0,254.0,38.0
GRASS,2.0,255.0,39.0
GRASS,2.0,255.0,40.0
GRASS,2.0,255.0,41.0
GRASS,2.0,255.0,42.0
GRASS,2.0,255.0,43.0
GRASS,2.0,255.0,44.0
LOG,2.0,254.0,45.0
LOG,2.0,253.0,45.0
LOG,2.0,252.0,45.0
LOG,2.0,251.0,45.0
LEAF,2.0,250.0,45.0
LEAF,1.0,251.0,45.0
LEAF,3.0,251.0,45.0
LEAF,2.0,251.0,44.0
LEAF,2.0,251.0,46.0
DIRT,2.0,255.0,45.0
GRASS,2.0,255.0,46.0
GRASS,2.0,255.0,47.0
GRASS,3.0,255.0,32.0
GRASS,3.0,255.0,33.0
GRASS,3.0,255.0,34.0
GRASS,3.0,255.0,35.0
GRASS,3.0,255.0,36.0
STONE,3.0,255.0,37.0
LOG,3.0,253.0,37.0
LOG,3.0,252.0,37.0
LOG,3.0,251.0,37.0
LOG,3.0,250.0,37.0
LOG,3.0,249.0,37.0
LEAF,3.0,248.0,37.0
LEAF,2.0,249.0,37.0
LEAF,4.0,249.0,37.0
LEAF,3.0,249.0,36.0
LEAF,3.0,249.0,38.0
DIRT,3.0,254.0,37.0
STONE,3.0,255.0,38.0
GRASS,3.0,254.0,38.0
STONE,3.0,255.0,39.0
GRASS,3.0,254.0,39.0
GRASS,3.0,255.0,40.0
GRASS,3.0,255.0,41.0
GRASS,3.0,255.0,42.0
GRASS,3.0,255.0,43.0
GRASS,3.0,255.0,44.0
GRASS,3.0,255.0,45.0
GRASS,3.0,255.0,46.0
GRASS,3.0,255.0,47.0
GRASS,4.0,255.0,32.0
GRASS,4.0,255.0,33.0
GRASS,4.0,255.0,34.0
LOG,4.0,254.0,35.0
LOG,4.0,253.0,35.0
LOG,4.0,252.0,35.0
LOG,4.0,251.0,35.0
LEAF,4.0,250.0,35.0
LEAF,3.0,251.0,35.0
LEAF,5.0,251.0,35.0
LEAF,4.0,251.0,34.0
LEAF,4.0,251.0,36.0
DIRT,4.0,255.0,35.0
GRASS,4.0,255.0,36.0
GRASS,4.0,255.0,37.0
STONE,4.0,255.0,38.0
GRASS,4.0,254.0,38.0
GRASS,4.0,255.0,39.0
GRASS,4.0,255.0,40.0
GRASS,4.0,255.0,41.0
GRASS,4.0,255.0,42.0
GRASS,4.0,255.0,43.0
GRASS,4.0,255.0,44.0
GRASS,4.0,255.0,45.0
GRASS,4.0,255.0,46.0
GRASS,4.0,255.0,47.0
GRASS,5.0,255.0,32.0
GRASS,5.0,255.0,33.0
GRASS,5.0,255.0,34.0
GRASS,5.0,255.0,35.0
GRASS,5.0,255.0,36.0
GRASS,5.0,255.0,37.0
GRASS,5.0,255.0,38.0
GRASS,5.0,255.0,39.0
GRASS,5.0,255.0,40.0
GRASS,5.0,255.0,41.0
GRASS,5.0,255.0,42.0
GRASS,5.0,255.0,43.0
STONE,5.0,254.0,44.0
STONE,5.0,255.0,44.0
GRASS,5.0,253.0,44.0
GRASS,5.0,255.0,45.0
GRASS,5.0,255.0,46.0
GRASS,5.0,255.0,47.0
GRASS,6.0,255.0,32.0
GRASS,6.0,255.0,33.0
GRASS,6.0,255.0,34.0
GRASS,6.0,255.0,35.0
GRASS,6.0,255.0,36.0
GRASS,6.0,255.0,37.0
GRASS,6.0,255.0,38.0
GRASS,6.0,255.0,39.0
GRASS,6.0,255.0,40.0
LOG,6.0,254.0,41.0
LOG,6.0,253.0,41.0
LOG,6.0,252.0,41.0
LOG,6.0,251.0,41.0
LEAF,6.0,250.0,41.0
LEAF,5.0,251.0,41.0
LEAF,7.0,251.0,41.0
LEAF,6.0,251.0,40.0
LEAF,6.0,251.0,42.0
DIRT,6.0,255.0,41.0
GRASS,6.0,255.0,42.0
STONE,6.0,254.0,43.0
STONE,6.0,255.0,43.0
GRASS,6.0,253.0,43.0
STONE,6.0,254.0,44.0
STONE,6.0,255.0,44.0
GRASS,6.0,253.0,44.0
STONE,6.0,254.0,45.0
STONE,6.0,255.0,45.0
GRASS,6.0,253.0,45.0
GRASS,6.0,255.0,46.0
GRASS,6.0,255.0,47.0
GRASS,7.0,255.0,32.0
GRASS,7.0,255.0,33.0
GRASS,7.0,255.0,34.0
LOG,7.0,254.0,35.0
LOG,7.0,253.0,35.0
LOG,7.0,252.0,35.0
LOG,7.0,251.0,35.0
LOG,7.0,250.0,35.0
LEAF,7.0,249.0,35.0
LEAF,6.0,250.0,35.0
LEAF,8.0,250.0,35.0
LEAF,7.0,250.0,34.0
LEAF,7.0,250.0,36.0
DIRT,7.0,255.0,35.0
GRASS,7.0,255.0,36.0
GRASS,7.0,255.0,37.0
GRASS,7.0,255.0,38.0
GRASS,7.0,255.0,39.0
GRASS,7.0,255.0,40.0
GRASS,7.0,255.0,41.0
GRASS,7.0,255.0,42.0
GRASS,7.0,255.0,43.0
STONE,7.0,254.0,44.0
STONE,7.0,255.0,44.0
GRASS,7.0,253.0,44.0
GRASS,7.0,255.0,45.0
GRASS,7.0,255.0,46.0
GRASS,7.0,255.0,47.0
GRASS,8.0,255.0,32.0
GRASS,8.0,255.0,33.0
GRASS,8.0,255.0,34.0
GRASS,8.0,255.0,35.0
GRASS,8.0,255.0,36.0
GRASS,8.0,255.0,37.0
GRASS,8.0,255.0,38.0
GRASS,8.0,255.0,39.0
GRASS,8.0,255.0,40.0
GRASS,8.0,255.0,41.0
STONE,8.0,254.0,42.0
STONE,8.0,255.0,42.0
GRASS,8.0,253.0,42.0
GRASS,8.0,255.0,43.0
GRASS,8.0,255.0,44.0
GRASS,8.0,255.0,45.0
GRASS,8.0,255.0,46.0
GRASS,8.0,255.0,47.0
GRASS,9.0,255.0,32.0
GRASS,9.0,255.0,33.0
GRASS,9.0,255.0,34.0
GRASS,9.0,255.0,35.0
GRASS,9.0,255.0,36.0
GRASS,9.0,255.0,37.0
STONE,9.0,254.0,38.0
STONE,9.0,255.0,38.0
GRASS,9.0,253.0,38.0
STONE,9.0,254.0,39.0
STONE,9.0,255.0,39.0
GRASS,9.0,253.0,39.0
STONE,9.0,254.0,40.0
STONE,9.0,255.0,40.0
GRASS,9.0,253.0,40.0
STONE,9.0,254.0,41.0
STONE,9.0,255.0,41.0
GRASS,9.0,253.0,41.0
STONE,9.0,254.0,42.0
STONE,9.0,255.0,42.0
GRASS,9.0,253.0,42.0
STONE,9.0,254.0,43.0
STONE,9.0,255.0,43.0
GRASS,9.0,253.0,43.0
STONE,9.0,254.0,44.0
STONE,9.0,255.0,44.0
GRASS,9.0,253.0,44.0
STONE,9.0,254.0,45.0
STONE,9.0,255.0,45.0
GRASS,9.0,253.0,45.0
STONE,9.0,254.0,46.0
STONE,9.0,255.0,46.0
GRASS,9.0,253.0,46.0
GRASS,9.0,255.0,47.0
GRASS,10.0,255.0,32.0
GRASS,10.0,255.0,33.0
GRASS,10.0,255.0,34.0
GRASS,10.0,255.0,35.0
GRASS,10.0,255.0,36.0
STONE,10.0,254.0,37.0
STONE,10.0,255.0,37.0
GRASS,10.0,253.0,37.0
STONE,10.0,254.0,38.0
STONE,10.0,255.0,38.0
GRASS,10.0,253.0,38.0
STONE,10.0,254.0,39.0
STONE,10.0,255.0,39.0
GRASS,10.0,253.0,39.0
STONE,10.0,254.0,40.0
STONE,10.0,255.0,40.0
GRASS,10.0,253.0,40.0
STONE,10.0,254.0,41.0
STONE,10.0,255.0,41.0
GRASS,10.0,253.0,41.0
STONE,10.0,254.0,42.0
STONE,10.0,255.0,42.0
GRASS,10.0,253.0,42.0
STONE,10.0,254.0,43.0
STONE,10.0,255.0,43.0
GRASS,10.0,253.0,43.0
STONE,10.0,254.0,44.0
STONE,10.0,255.0,44.0
GRASS,10.0,253.0,44.0
STONE,10.0,254.0,45.0
STONE,10.0,255.0,45.0
GRASS,10.0,253.0,45.0
STONE,10.0,254.0,46.0
STONE,10.0,255.0,46.0
GRASS,10.0,253.0,46.0
STONE,10.0,254.0,47.0
STONE,10.0,255.0,47.0
GRASS,10.0,253.0,47.0
STONE,11.0,252.0,32.0
STONE,11.0,253.0,32.0
STONE,11.0,254.0,32.0
STONE,11.0,255.0,32.0
GRASS,11.0,251.0,32.0
GRASS,11.0,255.0,33.0
GRASS,11.0,255.0,34.0
STONE,11.0,254.0,35.0
STONE,11.0,255.0,35.0
GRASS,11.0,253.0,35.0
STONE,11.0,254.0,36.0
STONE,11.0,255.0,36.0
GRASS,11.0,253.0,36.0
STONE,11.0,254.0,37.0
STONE,11.0,255.0,37.0
GRASS,11.0,253.0,37.0
STONE,11.0,254.0,38.0
STONE,11.0,255.0,38.0
GRASS,11.0,253.0,38.0
STONE,11.0,245.0,39.0
STONE,11.0,246.0,39.0
STONE,11.0,247.0,39.0
STONE,11.0,248.0,39.0
STONE,11.0,249.0,39.0
STONE,11.0,250.0,39.0
STONE,11.0,251.0,39.0
STONE,11.0,252.0,39.0
STONE,11.0,253.0,39.0
STONE,11.0,254.0,39.0
STONE,11.0,255.0,39.0
GRASS,11.0,244.0,39.0
STONE,11.0,245.0,40.0
STONE,11.0,246.0,40.0
STONE,11.0,247.0,40.0
STONE,11.0,248.0,40.0
STONE,11.0,249.0,40.0
STONE,11.0,250.0,40.0
STONE,11.0,251.0,40.0
STONE,11.0,252.0,40.0
STONE,11.0,253.0,40.0
STONE,11.0,254.0,40.0
STONE,11.0,255.0,40.0
GRASS,11.0,244.0,40.0
STONE,11.0,245.0,41.0
STONE,11.0,246.0,41.0
STONE,11.0,247.0,41.0
STONE,11.0,248.0,41.0
STONE,11.0,249.0,41.0
STONE,11.0,250.0,41.0
STONE,11.0,251.0,41.0
STONE,11.0,252.0,41.0
STONE,11.0,253.0,41.0
STONE,11.0,254.0,41.0
STONE,11.0,255.0,41.0
GRASS,11.0,244.0,41.0
STONE,11.0,245.0,42.0
STONE,11.0,246.0,42.0
STONE,11.0,247.0,42.0
STONE,11.0,248.0,42.0
STONE,11.0,249.0,42.0
STONE,11.0,250.0,42.0
STONE,11.0,251.0,42.0
STONE,11.0,252.0,42.0
STONE,11.0,253.0,42.0
STONE,11.0,254.0,42.0
STONE,11.0,255.0,42.0
GRASS,11.0,244.0,42.0
STONE,11.0,245.0,43.0
STONE,11.0,246.0,43.0
STONE,11.0,247.0,43.0
STONE,11.0,248.0,43.0
STONE,11.0,249.0,43.0
STONE,11.0,250.0,43.0
STONE,11.0,251.0,43.0
STONE,11.0,252.0,43.0
STONE,11.0,253.0,43.0
STONE,11.0,254.0,43.0
STONE,11.0,255.0,43.0
GRASS,11.0,244.0,43.0
STONE,11.0,245.0,44.0
STONE,11.0,246.0,44.0
STONE,11.0,247.0,44.0
STONE,11.0,248.0,44.0
STONE,11.0,249.0,44.0
STONE,11.0,250.0,44.0
STONE,11.0,251.0,44.0
STONE,11.0,252.0,44.0
STONE,11.0,253.0,44.0
STONE,11.0,254.0,44.0
STONE,11.0,255.0,44.0
GRASS,11.0,244.0,44.0
STONE,11.0,245.0,45.0
STONE,11.0,246.0,45.0
STONE,11.0,247.0,45.0
STONE,11.0,248.0,45.0
STONE,11.0,249.0,45.0
STONE,11.0,250.0,45.0
STONE,11.0,251.0,45.0
STONE,11.0,252.0,45.0
STONE,11.0,253.0,45.0
STONE,11.0,254.0,45.0
STONE,11.0,255.0,45.0
GRASS,11.0,244.0,45.0
STONE,11.0,254.0,46.0
STONE,11.0,255.0,46.0
GRASS,11.0,253.0,46.0
STONE,11.0,254.0,47.0
STONE,11.0,255.0,47.0
GRASS,11.0,253.0,47.0
GRASS,12.0,255.0,32.0
GRASS,12.0,255.0,33.0
GRASS,12.0,255.0,34.0
STONE,12.0,254.0,35.0
STONE,12.0,255.0,35.0
GRASS,12.0,253.0,35.0
STONE,12.0,254.0,36.0
STONE,12.0,255.0,36.0
GRASS,12.0,253.0,36.0
STONE,12.0,254.0,37.0
STONE,12.0,255.0,37.0
GRASS,12.0,253.0,37.0
STONE,12.0,245.0,38.0
STONE,12.0,246.0,38.0
STONE,12.0,247.0,38.0
STONE,12.0,248.0,38.0
STONE,12.0,249.0,38.0
STONE,12.0,250.0,38.0
STONE,12.0,251.0,38.0
STONE,12.0,252.0,38.0
STONE,12.0,253.0,38.0
STONE,12.0,254.0,38.0
STONE,12.0,255.0,38.0
GRASS,12.0,244.0,38.0
STONE,12.0,245.0,39.0
STONE,12.0,246.0,39.0
STONE,12.0,247.0,39.0
STONE,12.0,248.0,39.0
STONE,12.0,249.0,39.0
STONE,12.0,250.0,39.0
STONE,12.0,251.0,39.0
STONE,12.0,252.0,39.0
STONE,12.0,253.0,39.0
STONE,12.0,254.0,39.0
STONE,12.0,255.0,39.0
GRASS,12.0,244.0,39.0
STONE,12.0,245.0,40.0
STONE,12.0,246.0,40.0
STONE,12.0,247.0,40.0
STONE,12.0,248.0,40.0
STONE,12.0,249.0,40.0
STONE,12.0,250.0,40.0
STONE,12.0,251.0,40.0
STONE,12.0,252.0,40.0
STONE,12.0,253.0,40.0
STONE,12.0,254.0,40.0
STONE,12.0,255.0,40.0
GRASS,12.0,244.0,40.0
STONE,12.0,245.0,41.0
STONE,12.0,246.0,41.0
STONE,12.0,247.0,41.0
STONE,12.0,248.0,41.0
STONE,12.0,249.0,41.0
STONE,12.0,250.0,41.0
STONE,12.0,251.0,41.0
STONE,12.0,252.0,41.0
STONE,12.0,253.0,41.0
STONE,12.0,254.0,41.0
STONE,12.0,255.0,41.0
GRASS,12.0,244.0,41.0
STONE,12.0,245.0,42.0
STONE,12.0,246.0,42.0
STONE,12.0,247.0,42.0
STONE,12.0,248.0,42.0
STONE,12.0,249.0,42.0
STONE,12.0,250.0,42.0
STONE,12.0,251.0,42.0
STONE,12.0,252.0,42.0
STONE,12.0,253.0,42.0
STONE,12.0,254.0,42.0
STONE,12.0,255.0,42.0
GRASS,12.0,244.0,42.0
STONE,12.0,245.0,43.0
STONE,12.0,246.0,43.0
STONE,12.0,247.0,43.0
STONE,12.0,248.0,43.0
STONE,12.0,249.0,43.0
STONE,12.0,250.0,43.0
STONE,12.0,251.0,43.0
STONE,12.0,252.0,43.0
STONE,12.0,253.0,43.0
STONE,12.0,254.0,43.0
STONE,12.0,255.0,43.0
GRASS,12.0,244.0,43.0
STONE,12.0,245.0,44.0
STONE,12.0,246.0,44.0
STONE,12.0,247.0,44.0
STONE,12.0,248.0,44.0
STONE,12.0,249.0,44.0
STONE,12.0,250.0,44.0
STONE,12.0,251.0,44.0
STONE,12.0,252.0,44.0
STONE,12.0,253.0,44.0
STONE,12.0,254.0,44.0
STONE,12.0,255.0,44.0
GRASS,12.0,244.0,44.0
STONE,12.0,245.0,45.0
STONE,12.0,246.0,45.0
STONE,12.0,247.0,45.0
STONE,12.0,248.0,45.0
STONE,12.0,249.0,45.0
STONE,12.0,250.0,45.0
STONE,12.0,251.0,45.0
STONE,12.0,252.0,45.0
STONE,12.0,253.0,45.0
STONE,12.0,254.0,45.0
STONE,12.0,255.0,45.0
GRASS,12.0,244.0,45.0
STONE,12.0,245.0,46.0
STONE,12.0,246.0,46.0
STONE,12.0,247.0,46.0
STONE,12.0,248.0,46.0
STONE,12.0,249.0,46.0
STONE,12.0,250.0,46.0
STONE,12.0,251.0,46.0
STONE,12.0,252.0,46.0
STONE,12.0,253.0,46.0
STONE,12.0,254.0,46.0
STONE,12.0,255.0,46.0
GRASS,12.0,244.0,46.0
STONE,12.0,254.0,47.0
STONE,12.0,255.0,47.0
GRASS,12.0,253.0,47.0
STONE,13.0,254.0,32.0
STONE,13.0,255.0,32.0
GRASS,13.0,253.0,32.0
GRASS,13.0,255.0,33.0
STONE,13.0,254.0,34.0
STONE,13.0,255.0,34.0
GRASS,13.0,253.0,34.0
STONE,13.0,254.0,35.0
STONE,13.0,255.0,35.0
GRASS,13.0,253.0,35.0
STONE,13.0,254.0,36.0
STONE,13.0,255.0,36.0
GRASS,13.0,253.0,36.0
STONE,13.0,245.0,37.0
STONE,13.0,246.0,37.0
STONE,13.0,247.0,37.0
STONE,13.0,248.0,37.0
STONE,13.0,249.0,37.0
STONE,13.0,250.0,37.0
STONE,13.0,251.0,37.0
STONE,13.0,252.0,37.0
STONE,13.0,253.0,37.0
STONE,13.0,254.0,37.0
STONE,13.0,255.0,37.0
GRASS,13.0,244.0,37.0
STONE,13.0,245.0,38.0
STONE,13.0,246.0,38.0
STONE,13.0,247.0,38.0
STONE,13.0,248.0,38.0
STONE,13.0,249.0,38.0
STONE,13.0,250.0,38.0
STONE,13.0,251.0,38.0
STONE,13.0,252.0,38.0
STONE,13.0,253.0,38.0
STONE,13.0,254.0,38.0
STONE,13.0,255.0,38.0
GRASS,13.0,244.0,38.0
STONE,13.0,245.0,39.0
STONE,13.0,246.0,39.0
STONE,13.0,247.0,39.0
STONE,13.0,248.0,39.0
STONE,13.0,249.0,39.0
STONE,13.0,250.0,39.0
STONE,13.0,251.0,39.0
STONE,13.0,252.0,39.0
STONE,13.0,253.0,39.0
STONE,13.0,254.0,39.0
STONE,13.0,255.0,39.0
GRASS,13.0,244.0,39.0
STONE,13.0,245.0,40.0
STONE,13.0,246.0,40.0
STONE,13.0,247.0,40.0
STONE,13.0,248.0,40.0
STONE,13.0,249.0,40.0
STONE,13.0,250.0,40.0
STONE,13.0,251.0,40.0
STONE,13.0,252.0,40.0
STONE,13.0,253.0,40.0
STONE,13.0,254.0,40.0
STONE,13.0,255.0,40.0
GRASS,13.0,244.0,40.0
STONE,13.0,245.0,41.0
STONE,13.0,246.0,41.0
STONE,13.0,247.0,41.0
STONE,13.0,248.0,41.0
STONE,13.0,249.0,41.0
STONE,13.0,250.0,41.0
STONE,13.0,251.0,41.0
STONE,13.0,252.0,41.0
STONE,13.0,253.0,41.0
STONE,13.0,254.0,41.0
STONE,13.0,255.0,41.0
GRASS,13.0,244.0,41.0
STONE,13.0,245.0,42.0
STONE,13.0,246.0,42.0
STONE,13.0,247.0,42.0
STONE,13.0,248.0,42.0
STONE,13.0,249.0,42.0
STONE,13.0,250.0,42.0
STONE,13.0,251.0,42.0
STONE,13.0,252.0,42.0
STONE,13.0,253.0,42.0
STONE,13.0,254.0,42.0
STONE,13.0,255.0,42.0
GRASS,13.0,244.0,42.0
STONE,13.0,245.0,43.0
STONE,13.0,246.0,43.0
STONE,13.0,247.0,43.0
STONE,13.0,248.0,43.0
STONE,13.0,249.0,43.0
STONE,13.0,250.0,43.0
STONE,13.0,251.0,43.0
STONE,13.0,252.0,43.0
STONE,13.0,253.0,43.0
STONE,13.0,254.0,43.0
STONE,13.0,255.0,43.0
GRASS,13.0,244.0,43.0
STONE,13.0,245.0,44.0
STONE,13.0,246.0,44.0
STONE,13.0,247.0,44.0
STONE,13.0,248.0,44.0
STONE,13.0,249.0,44.0
STONE,13.0,250.0,44.0
STONE,13.0,251.0,44.0
STONE,13.0,252.0,44.0
STONE,13.0,253.0,44.0
STONE,13.0,254.0,44.0
STONE,13.0,255.0,44.0
GRASS,13.0,244.0,44.0
STONE,13.0,245.0,45.0
STONE,13.0,246.0,45.0
STONE,13.0,247.0,45.0
STONE,13.0,248.0,45.0
STONE,13.0,249.0,45.0
STONE,13.0,250.0,45.0
STONE,13.0,251.0,45.0
STONE,13.0,252.0,45.0
STONE,13.0,253.0,45.0
STONE,13.0,254.0,45.0
STONE,13.0,255.0,45.0
GRASS,13.0,244.0,45.0
STONE,13.0,245.0,46.0
STONE,13.0,246.0,46.0
STONE,13.0,247.0,46.0
STONE,13.0,248.0,46.0
STONE,13.0,249.0,46.0
STONE,13.0,250.0,46.0
STONE,13.0,251.0,46.0
STONE,13.0,252.0,46.0
STONE,13.0,253.0,46.0
STONE,13.0,254.0,46.0
STONE,13.0,255.0,46.0
GRASS,13.0,244.0,46.0
STONE,13.0,245.0,47.0
STONE,13.0,246.0,47.0
STONE,13.0,247.0,47.0
STONE,13.0,248.0,47.0
STONE,13.0,249.0,47.0
STONE,13.0,250.0,47.0
STONE,13.0,251.0,47.0
STONE,13.0,252.0,47.0
STONE,13.0,253.0,47.0
STONE,13.0,254.0,47.0
STONE,13.0,255.0,47.0
GRASS,13.0,244.0,47.0
GRASS,14.0,255.0,32.0
STONE,14.0,254.0,33.0
STONE,14.0,255.0,33.0
GRASS,14.0,253.0,33.0
STONE,14.0,254.0,34.0
STONE,14.0,255.0,34.0
GRASS,14.0,253.0,34.0
STONE,14.0,254.0,35.0
STONE,14.0,255.0,35.0
GRASS,14.0,253.0,35.0
STONE,14.0,245.0,36.0
STONE,14.0,246.0,36.0
STONE,14.0,247.0,36.0
STONE,14.0,248.0,36.0
STONE,14.0,249.0,36.0
STONE,14.0,250.0,36.0
STONE,14.0,251.0,36.0
STONE,14.0,252.0,36.0
STONE,14.0,253.0,36.0
STONE,14.0,254.0,36.0
STONE,14.0,255.0,36.0
GRASS,14.0,244.0,36.0
STONE,14.0,245.0,37.0
STONE,14.0,246.0,37.0
STONE,14.0,247.0,37.0
STONE,14.0,248.0,37.0
STONE,14.0,249.0,37.0
STONE,14.0,250.0,37.0
STONE,14.0,251.0,37.0
STONE,14.0,252.0,37.0
STONE,14.0,253.0,37.0
STONE,14.0,254.0,37.0
STONE,14.0,255.0,37.0
GRASS,14.0,244.0,37.0
STONE,14.0,245.0,38.0
STONE,14.0,246.0,38.0
STONE,14.0,247.0,38.0
STONE,14.0,248.0,38.0
STONE,14.0,249.0,38.0
STONE,14.0,250.0,38.0
STONE,14.0,251.0,38.0
STONE,14.0,252.0,38.0
STONE,14.0,253.0,38.0
STONE,14.0,254.0,38.0
STONE,14.0,255.0,38.0
GRASS,14.0,244.0,38.0
STONE,14.0,245.0,39.0
STONE,14.0,246.0,39.0
STONE,14.0,247.0,39.0
STONE,14.0,248.0,39.0
STONE,14.0,249.0,39.0
STONE,14.0,250.0,39.0
STONE,14.0,251.0,39.0
STONE,14.0,252.0,39.0
STONE,14.0,253.0,39.0
STONE,14.0,254.0,39.0
STONE,14.0,255.0,39.0
GRASS,14.0,244.0,39.0
STONE,14.0,245.0,40.0
STONE,14.0,246.0,40.0
STONE,14.0,247.0,40.0
STONE,14.0,248.0,40.0
STONE,14.0,249.0,40.0
STONE,14.0,250.0,40.0
STONE,14.0,251.0,40.0
STONE,14.0,252.0,40.0
STONE,14.0,253.0,40.0
STONE,14.0,254.0,40.0
STONE,14.0,255.0,40.0
GRASS,14.0,244.0,40.0
STONE,14.0,245.0,41.0
STONE,14.0,246.0,41.0
STONE,14.0,247.0,41.0
STONE,14.0,248.0,41.0
STONE,14.0,249.0,41.0
STONE,14.0,250.0,41.0
STONE,14.0,251.0,41.0
STONE,14.0,252.0,41.0
STONE,14.0,253.0,41.0
STONE,14.0,254.0,41.0
STONE,14.0,255.0,41.0
GRASS,14.0,244.0,41.0
STONE,14.0,245.0,42.0
STONE,14.0,246.0,42.0
STONE,14.0,247.0,42.0
STONE,14.0,248.0,42.0
STONE,14.0,249.0,42.0
STONE,14.0,250.0,42.0
STONE,14.0,251.0,42.0
STONE,14.0,252.0,42.0
STONE,14.0,253.0,42.0
STONE,14.0,254.0,42.0
STONE,14.0,255.0,42.0
GRASS,14.0,244.0,42.0
STONE,14.0,245.0,43.0
STONE,14.0,246.0,43.0
STONE,14.0,247.0,43.0
STONE,14.0,248.0,43.0
STONE,14.0,249.0,43.0
STONE,14.0,250.0,43.0
STONE,14.0,251.0,43.0
STONE,14.0,252.0,43.0
STONE,14.0,253.0,43.0
STONE,14.0,254.0,43.0
STONE,14.0,255.0,43.0
LOG,14.0,243.0,43.0
LOG,14.0,242.0,43.0
LOG,14.0,241.0,43.0
LOG,14.0,240.0,43.0
LEAF,14.0,239.0,43.0
LEAF,13.0,240.0,43.0
LEAF,15.0,240.0,43.0
LEAF,14.0,240.0,42.0
LEAF,14.0,240.0,44.0
DIRT,14.0,244.0,43.0
STONE,14.0,245.0,44.0
STONE,14.0,246.0,44.0
STONE,14.0,247.0,44.0
STONE,14.0,248.0,44.0
STONE,14.0,249.0,44.0
STONE,14.0,250.0,44.0
STONE,14.0,251.0,44.0
STONE,14.0,252.0,44.0
STONE,14.0,253.0,44.0
STONE,14.0,254.0,44.0
STONE,14.0,255.0,44.0
GRASS,14.0,244.0,44.0
STONE,14.0,245.0,45.0
STONE,14.0,246.0,45.0
STONE,14.0,247.0,45.0
STONE,14.0,248.0,45.0
STONE,14.0,249.0,45.0
STONE,14.0,250.0,45.0
STONE,14.0,251.0,45.0
STONE,14.0,252.0,45.0
STONE,14.0,253.0,45.0
STONE,14.0,254.0,45.0
STONE,14.0,255.0,45.0
GRASS,14.0,244.0,45.0
STONE,14.0,245.0,46.0
STONE,14.0,246.0,46.0
STONE,14.0,247.0,46.0
STONE,14.0,248.0,46.0
STONE,14.0,249.0,46.0
STONE,14.0,250.0,46.0
STONE,14.0,251.0,46.0
STONE,14.0,252.0,46.0
STONE,14.0,253.0,46.0
STONE,14.0,254.0,46.0
STONE,14.0,255.0,46.0
GRASS,14.0,244.0,46.0
STONE,14.0,245.0,47.0
STONE,14.0,246.0,47.0
STONE,14.0,247.0,47.0
STONE,14.0,248.0,47.0
STONE,14.0,249.0,47.0
STONE,14.0,250.0,47.0
STONE,14.0,251.0,47.0
STONE,14.0,252.0,47.0
STONE,14.0,253.0,47.0
STONE,14.0,254.0,47.0
STONE,14.0,255.0,47.0
GRASS,14.0,244.0,47.0
GRASS,15.0,255.0,32.0
STONE,15.0,254.0,33.0
STONE,15.0,255.0,33.0
GRASS,15.0,253.0,33.0
STONE,15.0,254.0,34.0
STONE,15.0,255.0,34.0
GRASS,15.0,253.0,34.0
STONE,15.0,245.0,35.0
STONE,15.0,246.0,35.0
STONE,15.0,247.0,35.0
STONE,15.0,248.0,35.0
STONE,15.0,249.0,35.0
STONE,15.0,250.0,35.0
STONE,15.0,251.0,35.0
STONE,15.0,252.0,35.0
STONE,15.0,253.0,35.0
STONE,15.0,254.0,35.0
STONE,15.0,255.0,35.0
GRASS,15.0,244.0,35.0
STONE,15.0,245.0,36.0
STONE,15.0,246.0,36.0
STONE,15.0,247.0,36.0
STONE,15.0,248.0,36.0
STONE,15.0,249.0,36.0
STONE,15.0,250.0,36.0
STONE,15.0,251.0,36.0
STONE,15.0,252.0,36.0
STONE,15.0,253.0,36.0
STONE,15.0,254.0,36.0
STONE,15.0,255.0,36.0
GRASS,15.0,244.0,36.0
STONE,15.0,245.0,37.0
STONE,15.0,246.0,37.0
STONE,15.0,247.0,37.0
STONE,15.0,248.0,37.0
STONE,15.0,249.0,37.0
STONE,15.0,250.0,37.0
STONE,15.0,251.0,37.0
STONE,15.0,252.0,37.0
STONE,15.0,253.0,37.0
STONE,15.0,254.0,37.0
STONE,15.0,255.0,37.0
GRASS,15.0,244.0,37.0
STONE,15.0,245.0,38.0
STONE,15.0,246.0,38.0
STONE,15.0,247.0,38.0
STONE,15.0,248.0,38.0
STONE,15.0,249.0,38.0
STONE,15.0,250.0,38.0
STONE,15.0,251.0,38.0
STONE,15.0,252.0,38.0
STONE,15.0,253.0,38.0
STONE,15.0,254.0,38.0
STONE,15.0,255.0,38.0
GRASS,15.0,244.0,38.0
STONE,15.0,245.0,39.0
STONE,15.0,246.0,39.0
STONE,15.0,247.0,39.0
STONE,15.0,248.0,39.0
STONE,15.0,249.0,39.0
STONE,15.0,250.0,39.0
STONE,15.0,251.0,39.0
STONE,15.0,252.0,39.0
STONE,15.0,253.0,39.0
STONE,15.0,254.0,39.0
STONE,15.0,255.0,39.0
GRASS,15.0,244.0,39.0
STONE,15.0,245.0,40.0
STONE,15.0,246.0,40.0
STONE,15.0,247.0,40.0
STONE,15.0,248.0,40.0
STONE,15.0,249.0,40.0
STONE,15.0,250.0,40.0
STONE,15.0,251.0,40.0
STONE,15.0,252.0,40.0
STONE,15.0,253.0,40.0
STONE,15.0,254.0,40.0
STONE,15.0,255.0,40.0
GRASS,15.0,244.0,40.0
STONE,15.0,245.0,41.0
STONE,15.0,246.0,41.0
STONE,15.0,247.0,41.0
STONE,15.0,248.0,41.0
STONE,15.0,249.0,41.0
STONE,15.0,250.0,41.0
STONE,15.0,251.0,41.0
STONE,15.0,252.0,41.0
STONE,15.0,253.0,41.0
STONE,15.0,254.0,41.0
STONE,15.0,255.0,41.0
GRASS,15.0,244.0,41.0
STONE,15.0,245.0,42.0
STONE,15.0,246.0,42.0
STONE,15.0,247.0,42.0
STONE,15.0,248.0,42.0
STONE,15.0,249.0,42.0
STONE,15.0,250.0,42.0
STONE,15.0,251.0,42.0
STONE,15.0,252.0,42.0
STONE,15.0,253.0,42.0
STONE,15.0,254.0,42.0
STONE,15.0,255.0,42.0
GRASS,15.0,244.0,42.0
STONE,15.0,245.0,43.0
STONE,15.0,246.0,43.0
STONE,15.0,247.0,43.0
STONE,15.0,248.0,43.0
STONE,15.0,249.0,43.0
STONE,15.0,250.0,43.0
STONE,15.0,251.0,43.0
STONE,15.0,252.0,43.0
STONE,15.0,253.0,43.0
STONE,15.0,254.0,43.0
STONE,15.0,255.0,43.0
GRASS,15.0,244.0,43.0
STONE,15.0,245.0,44.0
STONE,15.0,246.0,44.0
STONE,15.0,247.0,44.0
STONE,15.0,248.0,44.0
STONE,15.0,249.0,44.0
STONE,15.0,250.0,44.0
STONE,15.0,251.0,44.0
STONE,15.0,252.0,44.0
STONE,15.0,253.0,44.0
STONE,15.0,254.0,44.0
STONE,15.0,255.0,44.0
GRASS,15.0,244.0,44.0
STONE,15.0,245.0,45.0
STONE,15.0,246.0,45.0
STONE,15.0,247.0,45.0
STONE,15.0,248.0,45.0
STONE,15.0,249.0,45.0
STONE,15.0,250.0,45.0
STONE,15.0,251.0,45.0
STONE,15.0,252.0,45.0
STONE,15.0,253.0,45.0
STONE,15.0,254.0,45.0
STONE,15.0,255.0,45.0
GRASS,15.0,244.0,45.0
STONE,15.0,245.0,46.0
STONE,15.0,246.0,46.0
STONE,15.0,247.0,46.0
STONE,15.0,248.0,46.0
STONE,15.0,249.0,46.0
STONE,15.0,250.0,46.0
STONE,15.0,251.0,46.0
STONE,15.0,252.0,46.0
STONE,15.0,253.0,46.0
STONE,15.0,254.0,46.0
STONE,15.0,255.0,46.0
GRASS,15.0,244.0,46.0
STONE,15.0,245.0,47.0
STONE,15.0,246.0,47.0
STONE,15.0,247.0,47.0
STONE,15.0,248.0,47.0
STONE,15.0,249.0,47.0
STONE,15.0,250.0,47.0
STONE,15.0,251.0,47.0
STONE,15.0,252.0,47.0
STONE,15.0,253.0,47.0
STONE,15.0,254.0,47.0
STONE,15.0,255.0,47.0
GRASS,15.0,244.0,47.0
