STONE,0.0,251.0,16.0
STONE,0.0,252.0,16.0
STONE,0.0,253.0,16.0
STONE,0.0,254.0,16.0
STONE,0.0,255.0,16.0
GRASS,0.0,250.0,16.0
STONE,0.0,251.0,17.0
STONE,0.0,252.0,17.0
STONE,0.0,253.0,17.0
STONE,0.0,254.0,17.0
STONE,0.0,255.0,17.0
GRASS,0.0,250.0,17.0
STONE,0.0,251.0,18.0
STONE,0.0,252.0,18.0
STONE,0.0,253.0,18.0
STONE,0.0,254.0,18.0
STONE,0.0,255.0,18.0
GRASS,0.0,250.0,18.0
STONE,0.0,251.0,19.0
STONE,0.0,252.0,19.0
STONE,0.0,253.0,19.0
STONE,0.0,254.0,19.0
STONE,0.0,255.0,19.0
GRASS,0.0,250.0,19.0
GRASS,0.0,255.0,20.0
GRASS,0.0,255.0,21.0
GRASS,0.0,255.0,22.0
GRASS,0.0,255.0,23.0
GRASS,0.0,255.0,24.0
GRASS,0.0,255.0,25.0
GRASS,0.0,255.0,26.0
GRASS,0.0,255.0,27.0
GRASS,0.0,255.0,28.0
GRASS,0.0,255.0,29.0
GRASS,0.0,255.0,30.0
GRASS,0.0,255.0,31.0
STONE,1.0,251.0,16.0
STONE,1.0,252.0,16.0
STONE,1.0,253.0,16.0
STONE,1.0,254.0,16.0
STONE,1.0,255.0,16.0
GRASS,1.0,250.0,16.0
STONE,1.0,251.0,17.0
STONE,1.0,252.0,17.0
STONE,1.0,253.0,17.0
STONE,1.0,254.0,17.0
STONE,1.0,255.0,17.0
GRASS,1.0,250.0,17.0
STONE,1.0,251.0,18.0
STONE,1.0,252.0,18.0
STONE,1.0,253.0,18.0
STONE,1.0,254.0,18.0
STONE,1.0,255.0,18.0
GRASS,1.0,250.0,18.0
GRASS,1.0,255.0,19.0
GRASS,1.0,255.0,20.0
GRASS,1.0,255.0,21.0
GRASS,1.0,255.0,22.0
STONE,1.0,255.0,23.0
GRASS,1.0,254.0,23.0
GRASS,1.0,255.0,24.0
GRASS,1.0,255.0,25.0
GRASS,1.0,255.0,26.0
GRASS,1.0,255.0,27.0
STONE,1.0,255.0,28.0
GRASS,1.0,254.0,28.0
GRASS,1.0,255.0,29.0
GRASS,1.0,255.0,30.0
GRASS,1.0,255.0,31.0
STONE,2.0,251.0,16.0
STONE,2.0,252.0,16.0
STONE,2.0,253.0,16.0
STONE,2.0,254.0,16.0
STONE,2.0,255.0,16.0
GRASS,2.0,250.0,16.0
STONE,2.0,251.0,17.0
STONE,2.0,252.0,17.0
STONE,2.0,253.0,17.0
STONE,2.0,254.0,17.0
STONE,2.0,255.0,17.0
GRASS,2.0,250.0,17.0
STONE,2.0,251.0,18.0
STONE,2.0,252.0,18.0
STONE,2.0,253.0,18.0
STONE,2.0,254.0,18.0
STONE,2.0,255.0,18.0
GRASS,2.0,250.0,18.0
GRASS,2.0,255.0,19.0
GRASS,2.0,255.0,20.0
GRASS,2.0,255.0,21.0
STONE,2.0,255.0,22.0
GRASS,2.0,254.0,22.0
STONE,2.0,255.0,23.0
GRASS,2.0,254.0,23.0
STONE,2.0,255.0,24.0
GRASS,2.0,254.0,24.0
GRASS,2.0,255.0,25.0
GRASS,2.0,255.0,26.0
GRASS,2.0,255.0,27.0
GRASS,2.0,255.0,28.0
GRASS,2.0,255.0,29.0
GRASS,2.0,255.0,30.0
GRASS,2.0,255.0,31.0
STONE,3.0,251.0,16.0
STONE,3.0,252.0,16.0
STONE,3.0,253.0,16.0
STONE,3.0,254.0,16.0
STONE,3.0,255.0,16.0
GRASS,3.0,250.0,16.0
STONE,3.0,251.0,17.0
STONE,3.0,252.0,17.0
STONE,3.0,253.0,17.0
STONE,3.0,254.0,17.0
STONE,3.0,255.0,17.0
GRASS,3.0,250.0,17.0
GRASS,3.0,255.0,18.0
GRASS,3.0,255.0,19.0
GRASS,3.0,255.0,20.0
GRASS,3.0,255.0,21.0
GRASS,3.0,255.0,22.0
STONE,3.0,255.0,23.0
GRASS,3.0,254.0,23.0
GRASS,3.0,255.0,24.0
GRASS,3.0,255.0,25.0
STONE,3.0,254.0,26.0
STONE,3.0,255.0,26.0
GRASS,3.0,253.0,26.0
GRASS,3.0,255.0,27.0
GRASS,3.0,255.0,28.0
GRASS,3.0,255.0,29.0
GRASS,3.0,255.0,30.0
GRASS,3.0,255.0,31.0
GRASS,4.0,255.0,16.0
GRASS,4.0,255.0,17.0
GRASS,4.0,255.0,18.0
GRASS,4.0,255.0,19.0
GRASS,4.0,255.0,20.0
GRASS,4.0,255.0,21.0
GRASS,4.0,255.0,22.0
GRASS,4.0,255.0,23.0
GRASS,4.0,255.0,24.0
STONE,4.0,254.0,25.0
STONE,4.0,255.0,25.0
GRASS,4.0,253.0,25.0
STONE,4.0,254.0,26.0
STONE,4.0,255.0,26.0
GRASS,4.0,253.0,26.0
STONE,4.0,254.0,27.0
STONE,4.0,255.0,27.0
GRASS,4.0,253.0,27.0
GRASS,4.0,255.0,28.0
GRASS,4.0,255.0,29.0
GRASS,4.0,255.0,30.0
GRASS,4.0,255.0,31.0
GRASS,5.0,255.0,16.0
GRASS,5.0,255.0,17.0
GRASS,5.0,255.0,18.0
GRASS,5.0,255.0,19.0
GRASS,5.0,255.0,20.0
GRASS,5.0,255.0,21.0
GRASS,5.0,255.0,22.0
GRASS,5.0,255.0,23.0
STONE,5.0,254.0,24.0
STONE,5.0,255.0,24.0
GRASS,5.0,253.0,24.0
STONE,5.0,254.0,25.0
STONE,5.0,255.0,25.0
GRASS,5.0,253.0,25.0
STONE,5.0,254.0,26.0
STONE,5.0,255.0,26.0
GRASS,5.0,253.0,26.0
STONE,5.0,254.0,27.0
STONE,5.0,255.0,27.0
GRASS,5.0,253.0,27.0
STONE,5.0,254.0,28.0
STONE,5.0,255.0,28.0
GRASS,5.0,253.0,28.0
GRASS,5.0,255.0,29.0
GRASS,5.0,255.0,30.0
GRASS,5.0,255.0,31.0
STONE,6.0,255.0,16.0
GRASS,6.0,254.0,16.0
GRASS,6.0,255.0,17.0
GRASS,6.0,255.0,18.0
GRASS,6.0,255.0,19.0
GRASS,6.0,255.0,20.0
GRASS,6.0,255.0,21.0
GRASS,6.0,255.0,22.0
GRASS,6.0,255.0,23.0
GRASS,6.0,255.0,24.0
STONE,6.0,254.0,25.0
STONE,6.0,255.0,25.0
GRASS,6.0,253.0,25.0
STONE,6.0,254.0,26.0
STONE,6.0,255.0,26.0
GRASS,6.0,253.0,26.0
STONE,6.0,254.0,27.0
STONE,6.0,255.0,27.0
GRASS,6.0,253.0,27.0
GRASS,6.0,255.0,28.0
GRASS,6.0,255.0,29.0
GRASS,6.0,255.0,30.0
GRASS,6.0,255.0,31.0
GRASS,7.0,255.0,16.0
GRASS,7.0,255.0,17.0
GRASS,7.0,255.0,18.0
GRASS,7.0,255.0,19.0
GRASS,7.0,255.0,20.0
GRASS,7.0,255.0,21.0
GRASS,7.0,255.0,22.0
GRASS,7.0,255.0,23.0
GRASS,7.0,255.0,24.0
GRASS,7.0,255.0,25.0
STONE,7.0,254.0,26.0
STONE,7.0,255.0,26.0
GRASS,7.0,253.0,26.0
GRASS,7.0,255.0,27.0
GRASS,7.0,255.0,28.0
GRASS,7.0,255.0,29.0
GRASS,7.0,255.0,30.0
GRASS,7.0,255.0,31.0
GRASS,8.0,255.0,16.0
GRASS,8.0,255.0,17.0
GRASS,8.0,255.0,18.0
GRASS,8.0,255.0,19.0
GRASS,8.0,255.0,20.0
GRASS,8.0,255.0,21.0
GRASS,8.0,255.0,22.0
GRASS,8.0,255.0,23.0
GRASS,8.0,255.0,24.0
GRASS,8.0,255.0,25.0
GRASS,8.0,255.0,26.0
STONE,8.0,255.0,27.0
GRASS,8.0,254.0,27.0
GRASS,8.0,255.0,28.0
STONE,8.0,252.0,29.0
STONE,8.0,253.0,29.0
STONE,8.0,254.0,29.0
STONE,8.0,255.0,29.0
GRASS,8.0,251.0,29.0
GRASS,8.0,255.0,30.0
GRASS,8.0,255.0,31.0
GRASS,9.0,255.0,16.0
GRASS,9.0,255.0,17.0
GRASS,9.0,255.0,18.0
GRASS,9.0,255.0,19.0
GRASS,9.0,255.0,20.0
GRASS,9.0,255.0,21.0
GRASS,9.0,255.0,22.0
GRASS,9.0,255.0,23.0
GRASS,9.0,255.0,24.0
STONE,9.0,255.0,25.0
GRASS,9.0,254.0,25.0
GRASS,9.0,255.0,26.0
STONE,9.0,252.0,27.0
STONE,9.0,253.0,27.0
STONE,9.0,254.0,27.0
STONE,9.0,255.0,27.0
GRASS,9.0,251.0,27.0
STONE,9.0,252.0,28.0
STONE,9.0,253.0,28.0
STONE,9.0,254.0,28.0
STONE,9.0,255.0,28.0
GRASS,9.0,251.0,28.0
STONE,9.0,252.0,29.0
STONE,9.0,253.0,29.0
STONE,9.0,254.0,29.0
STONE,9.0,255.0,29.0
GRASS,9.0,251.0,29.0
STONE,9.0,252.0,30.0
STONE,9.0,253.0,30.0
STONE,9.0,254.0,30.0
STONE,9.0,255.0,30.0
GRASS,9.0,251.0,30.0
STONE,9.0,252.0,31.0
STONE,9.0,253.0,31.0
STONE,9.0,254.0,31.0
STONE,9.0,255.0,31.0
GRASS,9.0,251.0,31.0
GRASS,10.0,255.0,16.0
GRASS,10.0,255.0,17.0
GRASS,10.0,255.0,18.0
GRASS,10.0,255.0,19.0
GRASS,10.0,255.0,20.0
GRASS,10.0,255.0,21.0
GRASS,10.0,255.0,22.0
GRASS,10.0,255.0,23.0
GRASS,10.0,255.0,24.0
GRASS,10.0,255.0,25.0
GRASS,10.0,255.0,26.0
STONE,10.0,252.0,27.0
STONE,10.0,253.0,27.0
STONE,10.0,254.0,27.0
STONE,10.0,255.0,27.0
GRASS,10.0,251.0,27.0
STONE,10.0,252.0,28.0
STONE,10.0,253.0,28.0
STONE,10.0,254.0,28.0
STONE,10.0,255.0,28.0
GRASS,10.0,251.0,28.0
STONE,10.0,252.0,29.0
STONE,10.0,253.0,29.0
STONE,10.0,254.0,29.0
STONE,10.0,255.0,29.0
GRASS,10.0,251.0,29.0
STONE,10.0,252.0,30.0
STONE,10.0,253.0,30.0
STONE,10.0,254.0,30.0
STONE,10.0,255.0,30.0
GRASS,10.0,251.0,30.0
STONE,10.0,252.0,31.0
STONE,10.0,253.0,31.0
STONE,10.0,254.0,31.0
STONE,10.0,255.0,31.0
GRASS,10.0,251.0,31.0
GRASS,11.0,255.0,16.0
GRASS,11.0,255.0,17.0
GRASS,11.0,255.0,18.0
GRASS,11.0,255.0,19.0
GRASS,11.0,255.0,20.0
GRASS,11.0,255.0,21.0
GRASS,11.0,255.0,22.0
GRASS,11.0,255.0,23.0
STONE,11.0,253.0,24.0
STONE,11.0,254.0,24.0
STONE,11.0,255.0,24.0
GRASS,11.0,252.0,24.0
GRASS,11.0,255.0,25.0
STONE,11.0,252.0,26.0
STONE,11.0,253.0,26.0
STONE,11.0,254.0,26.0
STONE,11.0,255.0,26.0
GRASS,11.0,251.0,26.0
STONE,11.0,252.0,27.0
STONE,11.0,253.0,27.0
STONE,11.0,254.0,27.0
STONE,11.0,255.0,27.0
GRASS,11.0,251.0,27.0
STONE,11.0,252.0,28.0
STONE,11.0,253.0,28.0
STONE,11.0,254.0,28.0
STONE,11.0,255.0,28.0
GRASS,11.0,251.0,28.0
STONE,11.0,252.0,29.0
STONE,11.0,253.0,29.0
STONE,11.0,254.0,29.0
STONE,11.0,255.0,29.0
GRASS,11.0,251.0,29.0
STONE,11.0,252.0,30.0
STONE,11.0,253.0,30.0
STONE,11.0,254.0,30.0
STONE,11.0,255.0,30.0
GRASS,11.0,251.0,30.0
STONE,11.0,252.0,31.0
STONE,11.0,253.0,31.0
STONE,11.0,254.0,31.0
STONE,11.0,255.0,31.0
GRASS,11.0,251.0,31.0
GRASS,12.0,255.0,16.0
GRASS,12.0,255.0,17.0
GRASS,12.0,255.0,18.0
GRASS,12.0,255.0,19.0
GRASS,12.0,255.0,20.0
GRASS,12.0,255.0,21.0
GRASS,12.0,255.0,22.0
STONE,12.0,253.0,23.0
STONE,12.0,254.0,23.0
STONE,12.0,255.0,23.0
GRASS,12.0,252.0,23.0
STONE,12.0,253.0,24.0
STONE,12.0,254.0,24.0
STONE,12.0,255.0,24.0
GRASS,12.0,252.0,24.0
STONE,12.0,253.0,25.0
STONE,12.0,254.0,25.0
STONE,12.0,255.0,25.0
GRASS,12.0,252.0,25.0
GRASS,12.0,255.0,26.0
STONE,12.0,252.0,27.0
STONE,12.0,253.0,27.0
STONE,12.0,254.0,27.0
STONE,12.0,255.0,27.0
GRASS,12.0,251.0,27.0
STONE,12.0,252.0,28.0
STONE,12.0,253.0,28.0
STONE,12.0,254.0,28.0
STONE,12.0,255.0,28.0
GRASS,12.0,251.0,28.0
STONE,12.0,252.0,29.0
STONE,12.0,253.0,29.0
STONE,12.0,254.0,29.0
STONE,12.0,255.0,29.0
GRASS,12.0,251.0,29.0
STONE,12.0,252.0,30.0
STONE,12.0,253.0,30.0
STONE,12.0,254.0,30.0
STONE,12.0,255.0,30.0
GRASS,12.0,251.0,30.0
STONE,12.0,254.0,31.0
STONE,12.0,255.0,31.0
GRASS,12.0,253.0,31.0
GRASS,13.0,255.0,16.0
GRASS,13.0,255.0,17.0
GRASS,13.0,255.0,18.0
STONE,13.0,252.0,19.0
STONE,13.0,253.0,19.0
STONE,13.0,254.0,19.0
STONE,13.0,255.0,19.0
GRASS,13.0,251.0,19.0
GRASS,13.0,255.0,20.0
GRASS,13.0,255.0,21.0
STONE,13.0,253.0,22.0
STONE,13.0,254.0,22.0
STONE,13.0,255.0,22.0
GRASS,13.0,252.0,22.0
STONE,13.0,253.0,23.0
STONE,13.0,254.0,23.0
STONE,13.0,255.0,23.0
GRASS,13.0,252.0,23.0
STONE,13.0,253.0,24.0
STONE,13.0,254.0,24.0
STONE,13.0,255.0,24.0
GRASS,13.0,252.0,24.0
STONE,13.0,253.0,25.0
STONE,13.0,254.0,25.0
STONE,13.0,255.0,25.0
GRASS,13.0,252.0,25.0
STONE,13.0,253.0,26.0
STONE,13.0,254.0,26.0
STONE,13.0,255.0,26.0
GRASS,13.0,252.0,26.0
STONE,13.0,252.0,27.0
STONE,13.0,253.0,27.0
STONE,13.0,254.0,27.0
STONE,13.0,255.0,27.0
GRASS,13.0,251.0,27.0
STONE,13.0,252.0,28.0
STONE,13.0,253.0,28.0
STONE,13.0,254.0,28.0
STONE,13.0,255.0,28.0
GRASS,13.0,251.0,28.0
STONE,13.0,252.0,29.0
STONE,13.0,253.0,29.0
STONE,13.0,254.0,29.0
STONE,13.0,255.0,29.0
GRASS,13.0,251.0,29.0
STONE,13.0,254.0,30.0
STONE,13.0,255.0,30.0
GRASS,13.0,253.0,30.0
STONE,13.0,254.0,31.0
STONE,13.0,255.0,31.0
GRASS,13.0,253.0,31.0
GRASS,14.0,255.0,16.0
STONE,14.0,252.0,17.0
STONE,14.0,253.0,17.0
STONE,14.0,254.0,17.0
STONE,14.0,255.0,17.0
GRASS,14.0,251.0,17.0
STONE,14.0,252.0,18.0
STONE,14.0,253.0,18.0
STONE,14.0,254.0,18.0
STONE,14.0,255.0,18.0
GRASS,14.0,251.0,18.0
STONE,14.0,252.0,19.0
STONE,14.0,253.0,19.0
STONE,14.0,254.0,19.0
STONE,14.0,255.0,19.0
GRASS,14.0,251.0,19.0
STONE,14.0,252.0,20.0
STONE,14.0,253.0,20.0
STONE,14.0,254.0,20.0
STONE,14.0,255.0,20.0
GRASS,14.0,251.0,20.0
STONE,14.0,252.0,21.0
STONE,14.0,253.0,21.0
STONE,14.0,254.0,21.0
STONE,14.0,255.0,21.0
GRASS,14.0,251.0,21.0
GRASS,14.0,255.0,22.0
STONE,14.0,253.0,23.0
STONE,14.0,254.0,23.0
STONE,14.0,255.0,23.0
DIRT,14.0,252.0,23.0
STONE,14.0,253.0,24.0
STONE,14.0,254.0,24.0
STONE,14.0,255.0,24.0
GRASS,14.0,252.0,24.0
STONE,14.0,253.0,25.0
STONE,14.0,254.0,25.0
STONE,14.0,255.0,25.0
LOG,14.0,251.0,25.0
LOG,14.0,250.0,25.0
LOG,14.0,249.0,25.0
LOG,14.0,248.0,25.0
LEAF,14.0,247.0,25.0
LEAF,13.0,248.0,25.0
LEAF,15.0,248.0,25.0
LEAF,14.0,248.0,24.0
LEAF,14.0,248.0,26.0
DIRT,14.0,252.0,25.0
GRASS,14.0,255.0,26.0
LOG,14.0,254.0,27.0
LOG,14.0,253.0,27.0
LOG,14.0,252.0,27.0
LOG,14.0,251.0,27.0
LEAF,14.0,250.0,27.0
LEAF,13.0,251.0,27.0
LEAF,15.0,251.0,27.0
LEAF,14.0,251.0,26.0
LEAF,14.0,251.0,28.0
DIRT,14.0,255.0,27.0
GRASS,14.0,255.0,28.0
STONE,14.0,252.0,29.0
STONE,14.0,253.0,29.0
STONE,14.0,254.0,29.0
STONE,14.0,255.0,29.0
GRASS,14.0,251.0,29.0
GRASS,14.0,255.0,30.0
STONE,14.0,254.0,31.0
STONE,14.0,255.0,31.0
GRASS,14.0,253.0,31.0
STONE,15.0,252.0,16.0
STONE,15.0,253.0,16.0
STONE,15.0,254.0,16.0
STONE,15.0,255.0,16.0
GRASS,15.0,251.0,16.0
STONE,15.0,252.0,17.0
STONE,15.0,253.0,17.0
STONE,15.0,254.0,17.0
STONE,15.0,255.0,17.0
GRASS,15.0,251.0,17.0
STONE,15.0,252.0,18.0
STONE,15.0,253.0,18.0
STONE,15.0,254.0,18.0
STONE,15.0,255.0,18.0
GRASS,15.0,251.0,18.0
STONE,15.0,252.0,19.0
STONE,15.0,253.0,19.0
STONE,15.0,254.0,19.0
STONE,15.0,255.0,19.0
GRASS,15.0,251.0,19.0
STONE,15.0,252.0,20.0
STONE,15.0,253.0,20.0
STONE,15.0,254.0,20.0
STONE,15.0,255.0,20.0
GRASS,15.0,251.0,20.0
STONE,15.0,252.0,21.0
STONE,15.0,253.0,21.0
STONE,15.0,254.0,21.0
STONE,15.0,255.0,21.0
GRASS,15.0,251.0,21.0
STONE,15.0,252.0,22.0
STONE,15.0,253.0,22.0
STONE,15.0,254.0,22.0
STONE,15.0,255.0,22.0
GRASS,15.0,251.0,22.0
LOG,15.0,254.0,23.0
LOG,15.0,253.0,23.0
LOG,15.0,252.0,23.0
LOG,15.0,251.0,23.0
LEAF,15.0,250.0,23.0
LEAF,14.0,251.0,23.0
LEAF,16.0,251.0,23.0
LEAF,15.0,251.0,22.0
LEAF,15.0,251.0,24.0
DIRT,15.0,255.0,23.0
STONE,15.0,253.0,24.0
STONE,15.0,254.0,24.0
STONE,15.0,255.0,24.0
DIRT,15.0,252.0,24.0
GRASS,15.0,255.0,25.0
GRASS,15.0,255.0,26.0
GRASS,15.0,255.0,27.0
GRASS,15.0,255.0,28.0
GRASS,15.0,255.0,29.0
GRASS,15.0,255.0,30.0
GRASS,15.0,255.0,31.0
