GRASS,11.5199995,20.4,5.12
GRASS,11.5199995,20.4,5.2
GRASS,11.5199995,20.4,5.2799997
STONE,11.5199995,20.24,5.3599997
STONE,11.5199995,20.32,5.3599997
STONE,11.5199995,20.4,5.3599997
GRASS,11.5199995,20.16,5.3599997
STONE,11.5199995,20.24,5.44
STONE,11.5199995,20.32,5.44
STONE,11.5199995,20.4,5.44
GRASS,11.5199995,20.16,5.44
STONE,11.5199995,20.24,5.52
STONE,11.5199995,20.32,5.52
STONE,11.5199995,20.4,5.52
GRASS,11.5199995,20.16,5.52
STONE,11.5199995,19.76,5.6
STONE,11.5199995,19.84,5.6
STONE,11.5199995,19.92,5.6
STONE,11.5199995,20.0,5.6
STONE,11.5199995,20.08,5.6
STONE,11.5199995,20.16,5.6
STONE,11.5199995,20.24,5.6
STONE,11.5199995,20.32,5.6
STONE,11.5199995,20.4,5.6
GRASS,11.5199995,19.68,5.6
STONE,11.5199995,19.76,5.68
STONE,11.5199995,19.84,5.68
STONE,11.5199995,19.92,5.68
STONE,11.5199995,20.0,5.68
STONE,11.5199995,20.08,5.68
STONE,11.5199995,20.16,5.68
STONE,11.5199995,20.24,5.68
STONE,11.5199995,20.32,5.68
STONE,11.5199995,20.4,5.68
GRASS,11.5199995,19.68,5.68
STONE,11.5199995,19.76,5.7599998
STONE,11.5199995,19.84,5.7599998
STONE,11.5199995,19.92,5.7599998
STONE,11.5199995,20.0,5.7599998
STONE,11.5199995,20.08,5.7599998
STONE,11.5199995,20.16,5.7599998
STONE,11.5199995,20.24,5.7599998
STONE,11.5199995,20.32,5.7599998
STONE,11.5199995,20.4,5.7599998
GRASS,11.5199995,19.68,5.7599998
STONE,11.5199995,19.76,5.8399997
STONE,11.5199995,19.84,5.8399997
STONE,11.5199995,19.92,5.8399997
STONE,11.5199995,20.0,5.8399997
STONE,11.5199995,20.08,5.8399997
STONE,11.5199995,20.16,5.8399997
STONE,11.5199995,20.24,5.8399997
STONE,11.5199995,20.32,5.8399997
STONE,11.5199995,20.4,5.8399997
GRASS,11.5199995,19.68,5.8399997
STONE,11.5199995,19.76,5.92
STONE,11.5199995,19.84,5.92
STONE,11.5199995,19.92,5.92
STONE,11.5199995,20.0,5.92
STONE,11.5199995,20.08,5.92
STONE,11.5199995,20.16,5.92
STONE,11.5199995,20.24,5.92
STONE,11.5199995,20.32,5.92
STONE,11.5199995,20.4,5.92
GRASS,11.5199995,19.68,5.92
STONE,11.5199995,19.76,6.0
STONE,11.5199995,19.84,6.0
STONE,11.5199995,19.92,6.0
STONE,11.5199995,20.0,6.0
STONE,11.5199995,20.08,6.0
STONE,11.5199995,20.16,6.0
STONE,11.5199995,20.24,6.0
STONE,11.5199995,20.32,6.0
STONE,11.5199995,20.4,6.0
GRASS,11.5199995,19.68,6.0
STONE,11.5199995,19.359999,6.08
STONE,11.5199995,19.439999,6.08
STONE,11.5199995,19.519999,6.08
STONE,11.5199995,19.599998,6.08
STONE,11.5199995,19.679998,6.08
STONE,11.5199995,19.759998,6.08
STONE,11.5199995,19.839998,6.08
STONE,11.5199995,19.919998,6.08
STONE,11.5199995,19.999998,6.08
STONE,11.5199995,20.079998,6.08
STONE,11.5199995,20.159998,6.08
STONE,11.5199995,20.239998,6.08
STONE,11.5199995,20.319998,6.08
STONE,11.5199995,20.399998,6.08
GRASS,11.5199995,19.279999,6.08
STONE,11.5199995,19.359999,6.16
STONE,11.5199995,19.439999,6.16
STONE,11.5199995,19.519999,6.16
STONE,11.5199995,19.599998,6.16
STONE,11.5199995,19.679998,6.16
STONE,11.5199995,19.759998,6.16
STONE,11.5199995,19.839998,6.16
STONE,11.5199995,19.919998,6.16
STONE,11.5199995,19.999998,6.16
STONE,11.5199995,20.079998,6.16
STONE,11.5199995,20.159998,6.16
STONE,11.5199995,20.239998,6.16
STONE,11.5199995,20.319998,6.16
STONE,11.5199995,20.399998,6.16
GRASS,11.5199995,19.279999,6.16
STONE,11.5199995,19.359999,6.24
STONE,11.5199995,19.439999,6.24
STONE,11.5199995,19.519999,6.24
STONE,11.5199995,19.599998,6.24
STONE,11.5199995,19.679998,6.24
STONE,11.5199995,19.759998,6.24
STONE,11.5199995,19.839998,6.24
STONE,11.5199995,19.919998,6.24
STONE,11.5199995,19.999998,6.24
STONE,11.5199995,20.079998,6.24
STONE,11.5199995,20.159998,6.24
STONE,11.5199995,20.239998,6.24
STONE,11.5199995,20.319998,6.24
STONE,11.5199995,20.399998,6.24
GRASS,11.5199995,19.279999,6.24
STONE,11.5199995,19.359999,6.3199997
STONE,11.5199995,19.439999,6.3199997
STONE,11.5199995,19.519999,6.3199997
STONE,11.5199995,19.599998,6.3199997
STONE,11.5199995,19.679998,6.3199997
STONE,11.5199995,19.759998,6.3199997
STONE,11.5199995,19.839998,6.3199997
STONE,11.5199995,19.919998,6.3199997
STONE,11.5199995,19.999998,6.3199997
STONE,11.5199995,20.079998,6.3199997
STONE,11.5199995,20.159998,6.3199997
STONE,11.5199995,20.239998,6.3199997
STONE,11.5199995,20.319998,6.3199997
STONE,11.5199995,20.399998,6.3199997
GRASS,11.5199995,19.279999,6.3199997
GRASS,11.599999,20.4,5.12
GRASS,11.599999,20.4,5.2
GRASS,11.599999,20.4,5.2799997
STONE,11.599999,20.24,5.3599997
STONE,11.599999,20.32,5.3599997
STONE,11.599999,20.4,5.3599997
LOG,11.599999,20.08,5.3599997
LOG,11.599999,20.0,5.3599997
LOG,11.599999,19.92,5.3599997
LOG,11.599999,19.84,5.3599997
LOG,11.599999,19.76,5.3599997
LEAF,11.599999,19.68,5.3599997
LEAF,11.5199995,19.76,5.3599997
LEAF,11.679999,19.76,5.3599997
LEAF,11.599999,19.76,5.2799997
LEAF,11.599999,19.76,5.4399996
DIRT,11.599999,20.16,5.3599997
STONE,11.599999,20.24,5.44
STONE,11.599999,20.32,5.44
STONE,11.599999,20.4,5.44
GRASS,11.599999,20.16,5.44
STONE,11.599999,20.24,5.52
STONE,11.599999,20.32,5.52
STONE,11.599999,20.4,5.52
GRASS,11.599999,20.16,5.52
STONE,11.599999,19.76,5.6
STONE,11.599999,19.84,5.6
STONE,11.599999,19.92,5.6
STONE,11.599999,20.0,5.6
STONE,11.599999,20.08,5.6
STONE,11.599999,20.16,5.6
STONE,11.599999,20.24,5.6
STONE,11.599999,20.32,5.6
STONE,11.599999,20.4,5.6
GRASS,11.599999,19.68,5.6
STONE,11.599999,19.76,5.68
STONE,11.599999,19.84,5.68
STONE,11.599999,19.92,5.68
STONE,11.599999,20.0,5.68
STONE,11.599999,20.08,5.68
STONE,11.599999,20.16,5.68
STONE,11.599999,20.24,5.68
STONE,11.599999,20.32,5.68
STONE,11.599999,20.4,5.68
GRASS,11.599999,19.68,5.68
STONE,11.599999,19.76,5.7599998
STONE,11.599999,19.84,5.7599998
STONE,11.599999,19.92,5.7599998
STONE,11.599999,20.0,5.7599998
STONE,11.599999,20.08,5.7599998
STONE,11.599999,20.16,5.7599998
STONE,11.599999,20.24,5.7599998
STONE,11.599999,20.32,5.7599998
STONE,11.599999,20.4,5.7599998
GRASS,11.599999,19.68,5.7599998
STONE,11.599999,19.76,5.8399997
STONE,11.599999,19.84,5.8399997
STONE,11.599999,19.92,5.8399997
STONE,11.599999,20.0,5.8399997
STONE,11.599999,20.08,5.8399997
STONE,11.599999,20.16,5.8399997
STONE,11.599999,20.24,5.8399997
STONE,11.599999,20.32,5.8399997
STONE,11.599999,20.4,5.8399997
GRASS,11.599999,19.68,5.8399997
STONE,11.599999,19.76,5.92
STONE,11.599999,19.84,5.92
STONE,11.599999,19.92,5.92
STONE,11.599999,20.0,5.92
STONE,11.599999,20.08,5.92
STONE,11.599999,20.16,5.92
STONE,11.599999,20.24,5.92
STONE,11.599999,20.32,5.92
STONE,11.599999,20.4,5.92
GRASS,11.599999,19.68,5.92
STONE,11.599999,19.76,6.0
STONE,11.599999,19.84,6.0
STONE,11.599999,19.92,6.0
STONE,11.599999,20.0,6.0
STONE,11.599999,20.08,6.0
STONE,11.599999,20.16,6.0
STONE,11.599999,20.24,6.0
STONE,11.599999,20.32,6.0
STONE,11.599999,20.4,6.0
GRASS,11.599999,19.68,6.0
STONE,11.599999,19.359999,6.08
STONE,11.599999,19.439999,6.08
STONE,11.599999,19.519999,6.08
STONE,11.599999,19.599998,6.08
STONE,11.599999,19.679998,6.08
STONE,11.599999,19.759998,6.08
STONE,11.599999,19.839998,6.08
STONE,11.599999,19.919998,6.08
STONE,11.599999,19.999998,6.08
STONE,11.599999,20.079998,6.08
STONE,11.599999,20.159998,6.08
STONE,11.599999,20.239998,6.08
STONE,11.599999,20.319998,6.08
STONE,11.599999,20.399998,6.08
GRASS,11.599999,19.279999,6.08
STONE,11.599999,20.4,6.16
GRASS,11.599999,20.32,6.16
STONE,11.599999,19.359999,6.24
STONE,11.599999,19.439999,6.24
STONE,11.599999,19.519999,6.24
STONE,11.599999,19.599998,6.24
STONE,11.599999,19.679998,6.24
STONE,11.599999,19.759998,6.24
STONE,11.599999,19.839998,6.24
STONE,11.599999,19.919998,6.24
STONE,11.599999,19.999998,6.24
STONE,11.599999,20.079998,6.24
STONE,11.599999,20.159998,6.24
STONE,11.599999,20.239998,6.24
STONE,11.599999,20.319998,6.24
STONE,11.599999,20.399998,6.24
GRASS,11.599999,19.279999,6.24
STONE,11.599999,19.359999,6.3199997
STONE,11.599999,19.439999,6.3199997
STONE,11.599999,19.519999,6.3199997
STONE,11.599999,19.599998,6.3199997
STONE,11.599999,19.679998,6.3199997
STONE,11.599999,19.759998,6.3199997
STONE,11.599999,19.839998,6.3199997
STONE,11.599999,19.919998,6.3199997
STONE,11.599999,19.999998,6.3199997
STONE,11.599999,20.079998,6.3199997
STONE,11.599999,20.159998,6.3199997
STONE,11.599999,20.239998,6.3199997
STONE,11.599999,20.319998,6.3199997
STONE,11.599999,20.399998,6.3199997
GRASS,11.599999,19.279999,6.3199997
GRASS,11.679999,20.4,5.12
GRASS,11.679999,20.4,5.2
GRASS,11.679999,20.4,5.2799997
STONE,11.679999,20.24,5.3599997
STONE,11.679999,20.32,5.3599997
STONE,11.679999,20.4,5.3599997
GRASS,11.679999,20.16,5.3599997
STONE,11.679999,20.24,5.44
STONE,11.679999,20.32,5.44
STONE,11.679999,20.4,5.44
GRASS,11.679999,20.16,5.44
STONE,11.679999,20.24,5.52
STONE,11.679999,20.32,5.52
STONE,11.679999,20.4,5.52
GRASS,11.679999,20.16,5.52
STONE,11.679999,19.76,5.6
STONE,11.679999,19.84,5.6
STONE,11.679999,19.92,5.6
STONE,11.679999,20.0,5.6
STONE,11.679999,20.08,5.6
STONE,11.679999,20.16,5.6
STONE,11.679999,20.24,5.6
STONE,11.679999,20.32,5.6
STONE,11.679999,20.4,5.6
GRASS,11.679999,19.68,5.6
STONE,11.679999,19.76,5.68
STONE,11.679999,19.84,5.68
STONE,11.679999,19.92,5.68
STONE,11.679999,20.0,5.68
STONE,11.679999,20.08,5.68
STONE,11.679999,20.16,5.68
STONE,11.679999,20.24,5.68
STONE,11.679999,20.32,5.68
STONE,11.679999,20.4,5.68
GRASS,11.679999,19.68,5.68
STONE,11.679999,19.76,5.7599998
STONE,11.679999,19.84,5.7599998
STONE,11.679999,19.92,5.7599998
STONE,11.679999,20.0,5.7599998
STONE,11.679999,20.08,5.7599998
STONE,11.679999,20.16,5.7599998
STONE,11.679999,20.24,5.7599998
STONE,11.679999,20.32,5.7599998
STONE,11.679999,20.4,5.7599998
GRASS,11.679999,19.68,5.7599998
STONE,11.679999,19.76,5.8399997
STONE,11.679999,19.84,5.8399997
STONE,11.679999,19.92,5.8399997
STONE,11.679999,20.0,5.8399997
STONE,11.679999,20.08,5.8399997
STONE,11.679999,20.16,5.8399997
STONE,11.679999,20.24,5.8399997
STONE,11.679999,20.32,5.8399997
STONE,11.679999,20.4,5.8399997
GRASS,11.679999,19.68,5.8399997
STONE,11.679999,20.4,5.92
GRASS,11.679999,20.32,5.92
STONE,11.679999,20.4,6.0
GRASS,11.679999,20.32,6.0
STONE,11.679999,20.4,6.08
GRASS,11.679999,20.32,6.08
STONE,11.679999,20.4,6.16
LOG,11.679999,20.24,6.16
LOG,11.679999,20.16,6.16
LOG,11.679999,20.08,6.16
LOG,11.679999,20.0,6.16
LOG,11.679999,19.92,6.16
LEAF,11.679999,19.84,6.16
LEAF,11.599999,19.92,6.16
LEAF,11.759999,19.92,6.16
LEAF,11.679999,19.92,6.08
LEAF,11.679999,19.92,6.24
DIRT,11.679999,20.32,6.16
STONE,11.679999,20.4,6.24
LOG,11.679999,20.24,6.24
LOG,11.679999,20.16,6.24
LOG,11.679999,20.08,6.24
LOG,11.679999,20.0,6.24
LEAF,11.679999,19.92,6.24
LEAF,11.599999,20.0,6.24
LEAF,11.759999,20.0,6.24
LEAF,11.679999,20.0,6.16
LEAF,11.679999,20.0,6.3199997
DIRT,11.679999,20.32,6.24
STONE,11.679999,20.4,6.3199997
GRASS,11.679999,20.32,6.3199997
GRASS,11.759999,20.4,5.12
STONE,11.759999,20.4,5.2
GRASS,11.759999,20.32,5.2
GRASS,11.759999,20.4,5.2799997
STONE,11.759999,20.24,5.3599997
STONE,11.759999,20.32,5.3599997
STONE,11.759999,20.4,5.3599997
GRASS,11.759999,20.16,5.3599997
STONE,11.759999,20.24,5.44
STONE,11.759999,20.32,5.44
STONE,11.759999,20.4,5.44
GRASS,11.759999,20.16,5.44
STONE,11.759999,20.24,5.52
STONE,11.759999,20.32,5.52
STONE,11.759999,20.4,5.52
GRASS,11.759999,20.16,5.52
STONE,11.759999,20.24,5.6
STONE,11.759999,20.32,5.6
STONE,11.759999,20.4,5.6
GRASS,11.759999,20.16,5.6
STONE,11.759999,19.76,5.68
STONE,11.759999,19.84,5.68
STONE,11.759999,19.92,5.68
STONE,11.759999,20.0,5.68
STONE,11.759999,20.08,5.68
STONE,11.759999,20.16,5.68
STONE,11.759999,20.24,5.68
STONE,11.759999,20.32,5.68
STONE,11.759999,20.4,5.68
GRASS,11.759999,19.68,5.68
STONE,11.759999,20.4,5.7599998
GRASS,11.759999,20.32,5.7599998
STONE,11.759999,20.4,5.8399997
GRASS,11.759999,20.32,5.8399997
STONE,11.759999,20.4,5.92
GRASS,11.759999,20.32,5.92
STONE,11.759999,20.4,6.0
GRASS,11.759999,20.32,6.0
STONE,11.759999,20.4,6.08
GRASS,11.759999,20.32,6.08
STONE,11.759999,20.32,6.16
STONE,11.759999,20.4,6.16
GRASS,11.759999,20.24,6.16
STONE,11.759999,20.4,6.24
GRASS,11.759999,20.32,6.24
STONE,11.759999,20.4,6.3199997
GRASS,11.759999,20.32,6.3199997
STONE,11.839999,20.4,5.12
GRASS,11.839999,20.32,5.12
STONE,11.839999,20.4,5.2
GRASS,11.839999,20.32,5.2
STONE,11.839999,20.4,5.2799997
GRASS,11.839999,20.32,5.2799997
GRASS,11.839999,20.4,5.3599997
STONE,11.839999,20.24,5.44
STONE,11.839999,20.32,5.44
STONE,11.839999,20.4,5.44
GRASS,11.839999,20.16,5.44
STONE,11.839999,20.24,5.52
STONE,11.839999,20.32,5.52
STONE,11.839999,20.4,5.52
GRASS,11.839999,20.16,5.52
STONE,11.839999,20.24,5.6
STONE,11.839999,20.32,5.6
STONE,11.839999,20.4,5.6
GRASS,11.839999,20.16,5.6
STONE,11.839999,19.76,5.68
STONE,11.839999,19.84,5.68
STONE,11.839999,19.92,5.68
STONE,11.839999,20.0,5.68
STONE,11.839999,20.08,5.68
STONE,11.839999,20.16,5.68
STONE,11.839999,20.24,5.68
STONE,11.839999,20.32,5.68
STONE,11.839999,20.4,5.68
GRASS,11.839999,19.68,5.68
STONE,11.839999,20.4,5.7599998
GRASS,11.839999,20.32,5.7599998
STONE,11.839999,20.32,5.8399997
STONE,11.839999,20.4,5.8399997
GRASS,11.839999,20.24,5.8399997
STONE,11.839999,20.4,5.92
GRASS,11.839999,20.32,5.92
STONE,11.839999,20.32,6.0
STONE,11.839999,20.4,6.0
GRASS,11.839999,20.24,6.0
STONE,11.839999,20.4,6.08
GRASS,11.839999,20.32,6.08
STONE,11.839999,20.4,6.16
GRASS,11.839999,20.32,6.16
STONE,11.839999,20.4,6.24
GRASS,11.839999,20.32,6.24
STONE,11.839999,20.4,6.3199997
GRASS,11.839999,20.32,6.3199997
STONE,11.919999,20.4,5.12
GRASS,11.919999,20.32,5.12
STONE,11.919999,20.4,5.2
GRASS,11.919999,20.32,5.2
STONE,11.919999,20.4,5.2799997
GRASS,11.919999,20.32,5.2799997
STONE,11.919999,20.4,5.3599997
GRASS,11.919999,20.32,5.3599997
STONE,11.919999,20.24,5.44
STONE,11.919999,20.32,5.44
STONE,11.919999,20.4,5.44
GRASS,11.919999,20.16,5.44
STONE,11.919999,20.24,5.52
STONE,11.919999,20.32,5.52
STONE,11.919999,20.4,5.52
GRASS,11.919999,20.16,5.52
STONE,11.919999,20.24,5.6
STONE,11.919999,20.32,5.6
STONE,11.919999,20.4,5.6
GRASS,11.919999,20.16,5.6
STONE,11.919999,20.4,5.68
GRASS,11.919999,20.32,5.68
STONE,11.919999,20.4,5.7599998
GRASS,11.919999,20.32,5.7599998
STONE,11.919999,20.4,5.8399997
GRASS,11.919999,20.32,5.8399997
STONE,11.919999,20.4,5.92
GRASS,11.919999,20.32,5.92
STONE,11.919999,20.4,6.0
GRASS,11.919999,20.32,6.0
STONE,11.919999,20.4,6.08
GRASS,11.919999,20.32,6.08
STONE,11.919999,20.4,6.16
GRASS,11.919999,20.32,6.16
STONE,11.919999,19.76,6.24
STONE,11.919999,19.84,6.24
STONE,11.919999,19.92,6.24
STONE,11.919999,20.0,6.24
STONE,11.919999,20.08,6.24
STONE,11.919999,20.16,6.24
STONE,11.919999,20.24,6.24
STONE,11.919999,20.32,6.24
STONE,11.919999,20.4,6.24
GRASS,11.919999,19.68,6.24
STONE,11.919999,19.76,6.3199997
STONE,11.919999,19.84,6.3199997
STONE,11.919999,19.92,6.3199997
STONE,11.919999,20.0,6.3199997
STONE,11.919999,20.08,6.3199997
STONE,11.919999,20.16,6.3199997
STONE,11.919999,20.24,6.3199997
STONE,11.919999,20.32,6.3199997
STONE,11.919999,20.4,6.3199997
GRASS,11.919999,19.68,6.3199997
STONE,11.999999,20.4,5.12
GRASS,11.999999,20.32,5.12
STONE,11.999999,20.4,5.2
GRASS,11.999999,20.32,5.2
STONE,11.999999,20.4,5.2799997
GRASS,11.999999,20.32,5.2799997
GRASS,11.999999,20.4,5.3599997
GRASS,11.999999,20.4,5.44
STONE,11.999999,20.4,5.52
GRASS,11.999999,20.32,5.52
STONE,11.999999,20.24,5.6
STONE,11.999999,20.32,5.6
STONE,11.999999,20.4,5.6
GRASS,11.999999,20.16,5.6
STONE,11.999999,20.24,5.68
STONE,11.999999,20.32,5.68
STONE,11.999999,20.4,5.68
GRASS,11.999999,20.16,5.68
STONE,11.999999,20.4,5.7599998
GRASS,11.999999,20.32,5.7599998
STONE,11.999999,20.4,5.8399997
GRASS,11.999999,20.32,5.8399997
STONE,11.999999,20.32,5.92
STONE,11.999999,20.4,5.92
GRASS,11.999999,20.24,5.92
STONE,11.999999,20.4,6.0
GRASS,11.999999,20.32,6.0
STONE,11.999999,20.4,6.08
GRASS,11.999999,20.32,6.08
STONE,11.999999,19.76,6.16
STONE,11.999999,19.84,6.16
STONE,11.999999,19.92,6.16
STONE,11.999999,20.0,6.16
STONE,11.999999,20.08,6.16
STONE,11.999999,20.16,6.16
STONE,11.999999,20.24,6.16
STONE,11.999999,20.32,6.16
STONE,11.999999,20.4,6.16
GRASS,11.999999,19.68,6.16
STONE,11.999999,19.76,6.24
STONE,11.999999,19.84,6.24
STONE,11.999999,19.92,6.24
STONE,11.999999,20.0,6.24
STONE,11.999999,20.08,6.24
STONE,11.999999,20.16,6.24
STONE,11.999999,20.24,6.24
STONE,11.999999,20.32,6.24
STONE,11.999999,20.4,6.24
GRASS,11.999999,19.68,6.24
STONE,11.999999,19.76,6.3199997
STONE,11.999999,19.84,6.3199997
STONE,11.999999,19.92,6.3199997
STONE,11.999999,20.0,6.3199997
STONE,11.999999,20.08,6.3199997
STONE,11.999999,20.16,6.3199997
STONE,11.999999,20.24,6.3199997
STONE,11.999999,20.32,6.3199997
STONE,11.999999,20.4,6.3199997
GRASS,11.999999,19.68,6.3199997
GRASS,12.08,20.4,5.12
STONE,12.08,20.4,5.2
GRASS,12.08,20.32,5.2
GRASS,12.08,20.4,5.2799997
GRASS,12.08,20.4,5.3599997
GRASS,12.08,20.4,5.44
STONE,12.08,20.24,5.52
STONE,12.08,20.32,5.52
STONE,12.08,20.4,5.52
GRASS,12.08,20.16,5.52
STONE,12.08,20.24,5.6
STONE,12.08,20.32,5.6
STONE,12.08,20.4,5.6
GRASS,12.08,20.16,5.6
STONE,12.08,20.24,5.68
STONE,12.08,20.32,5.68
STONE,12.08,20.4,5.68
GRASS,12.08,20.16,5.68
STONE,12.08,20.4,5.7599998
GRASS,12.08,20.32,5.7599998
STONE,12.08,20.4,5.8399997
GRASS,12.08,20.32,5.8399997
STONE,12.08,20.4,5.92
GRASS,12.08,20.32,5.92
STONE,12.08,20.4,6.0
GRASS,12.08,20.32,6.0
STONE,12.08,20.4,6.08
GRASS,12.08,20.32,6.08
STONE,12.08,19.76,6.16
STONE,12.08,19.84,6.16
STONE,12.08,19.92,6.16
STONE,12.08,20.0,6.16
STONE,12.08,20.08,6.16
STONE,12.08,20.16,6.16
STONE,12.08,20.24,6.16
STONE,12.08,20.32,6.16
STONE,12.08,20.4,6.16
GRASS,12.08,19.68,6.16
STONE,12.08,19.76,6.24
STONE,12.08,19.84,6.24
STONE,12.08,19.92,6.24
STONE,12.08,20.0,6.24
STONE,12.08,20.08,6.24
STONE,12.08,20.16,6.24
STONE,12.08,20.24,6.24
STONE,12.08,20.32,6.24
STONE,12.08,20.4,6.24
GRASS,12.08,19.68,6.24
STONE,12.08,19.76,6.3199997
STONE,12.08,19.84,6.3199997
STONE,12.08,19.92,6.3199997
STONE,12.08,20.0,6.3199997
STONE,12.08,20.08,6.3199997
STONE,12.08,20.16,6.3199997
STONE,12.08,20.24,6.3199997
STONE,12.08,20.32,6.3199997
STONE,12.08,20.4,6.3199997
GRASS,12.08,19.68,6.3199997
GRASS,12.16,20.4,5.12
GRASS,12.16,20.4,5.2
GRASS,12.16,20.4,5.2799997
GRASS,12.16,20.4,5.3599997
GRASS,12.16,20.4,5.44
GRASS,12.16,20.4,5.52
STONE,12.16,20.24,5.6
STONE,12.16,20.32,5.6
STONE,12.16,20.4,5.6
GRASS,12.16,20.16,5.6
STONE,12.16,20.24,5.68
STONE,12.16,20.32,5.68
STONE,12.16,20.4,5.68
GRASS,12.16,20.16,5.68
STONE,12.16,20.24,5.7599998
STONE,12.16,20.32,5.7599998
STONE,12.16,20.4,5.7599998
GRASS,12.16,20.16,5.7599998
STONE,12.16,20.24,5.8399997
STONE,12.16,20.32,5.8399997
STONE,12.16,20.4,5.8399997
GRASS,12.16,20.16,5.8399997
STONE,12.16,20.4,5.92
GRASS,12.16,20.32,5.92
STONE,12.16,20.24,6.0
STONE,12.16,20.32,6.0
STONE,12.16,20.4,6.0
GRASS,12.16,20.16,6.0
STONE,12.16,19.76,6.08
STONE,12.16,19.84,6.08
STONE,12.16,19.92,6.08
STONE,12.16,20.0,6.08
STONE,12.16,20.08,6.08
STONE,12.16,20.16,6.08
STONE,12.16,20.24,6.08
STONE,12.16,20.32,6.08
STONE,12.16,20.4,6.08
GRASS,12.16,19.68,6.08
STONE,12.16,19.76,6.16
STONE,12.16,19.84,6.16
STONE,12.16,19.92,6.16
STONE,12.16,20.0,6.16
STONE,12.16,20.08,6.16
STONE,12.16,20.16,6.16
STONE,12.16,20.24,6.16
STONE,12.16,20.32,6.16
STONE,12.16,20.4,6.16
GRASS,12.16,19.68,6.16
STONE,12.16,19.76,6.24
STONE,12.16,19.84,6.24
STONE,12.16,19.92,6.24
STONE,12.16,20.0,6.24
STONE,12.16,20.08,6.24
STONE,12.16,20.16,6.24
STONE,12.16,20.24,6.24
STONE,12.16,20.32,6.24
STONE,12.16,20.4,6.24
GRASS,12.16,19.68,6.24
STONE,12.16,19.76,6.3199997
STONE,12.16,19.84,6.3199997
STONE,12.16,19.92,6.3199997
STONE,12.16,20.0,6.3199997
STONE,12.16,20.08,6.3199997
STONE,12.16,20.16,6.3199997
STONE,12.16,20.24,6.3199997
STONE,12.16,20.32,6.3199997
STONE,12.16,20.4,6.3199997
GRASS,12.16,19.68,6.3199997
GRASS,12.24,20.4,5.12
GRASS,12.24,20.4,5.2
GRASS,12.24,20.4,5.2799997
GRASS,12.24,20.4,5.3599997
GRASS,12.24,20.4,5.44
GRASS,12.24,20.4,5.52
GRASS,12.24,20.4,5.6
STONE,12.24,20.24,5.68
STONE,12.24,20.32,5.68
STONE,12.24,20.4,5.68
GRASS,12.24,20.16,5.68
STONE,12.24,20.24,5.7599998
STONE,12.24,20.32,5.7599998
STONE,12.24,20.4,5.7599998
GRASS,12.24,20.16,5.7599998
STONE,12.24,20.24,5.8399997
STONE,12.24,20.32,5.8399997
STONE,12.24,20.4,5.8399997
GRASS,12.24,20.16,5.8399997
STONE,12.24,20.4,5.92
GRASS,12.24,20.32,5.92
STONE,12.24,20.4,6.0
GRASS,12.24,20.32,6.0
STONE,12.24,20.24,6.08
STONE,12.24,20.32,6.08
STONE,12.24,20.4,6.08
GRASS,12.24,20.16,6.08
STONE,12.24,20.24,6.16
STONE,12.24,20.32,6.16
STONE,12.24,20.4,6.16
GRASS,12.24,20.16,6.16
STONE,12.24,20.24,6.24
STONE,12.24,20.32,6.24
STONE,12.24,20.4,6.24
GRASS,12.24,20.16,6.24
STONE,12.24,20.4,6.3199997
GRASS,12.24,20.32,6.3199997
GRASS,12.32,20.4,5.12
GRASS,12.32,20.4,5.2
GRASS,12.32,20.4,5.2799997
GRASS,12.32,20.4,5.3599997
GRASS,12.32,20.4,5.44
GRASS,12.32,20.4,5.52
GRASS,12.32,20.4,5.6
GRASS,12.32,20.4,5.68
GRASS,12.32,20.4,5.7599998
STONE,12.32,20.4,5.8399997
GRASS,12.32,20.32,5.8399997
STONE,12.32,20.4,5.92
GRASS,12.32,20.32,5.92
STONE,12.32,20.4,6.0
GRASS,12.32,20.32,6.0
STONE,12.32,20.4,6.08
GRASS,12.32,20.32,6.08
STONE,12.32,20.24,6.16
STONE,12.32,20.32,6.16
STONE,12.32,20.4,6.16
GRASS,12.32,20.16,6.16
STONE,12.32,20.4,6.24
GRASS,12.32,20.32,6.24
STONE,12.32,20.24,6.3199997
STONE,12.32,20.32,6.3199997
STONE,12.32,20.4,6.3199997
GRASS,12.32,20.16,6.3199997
GRASS,12.4,20.4,5.12
GRASS,12.4,20.4,5.2
GRASS,12.4,20.4,5.2799997
GRASS,12.4,20.4,5.3599997
GRASS,12.4,20.4,5.44
GRASS,12.4,20.4,5.52
GRASS,12.4,20.4,5.6
GRASS,12.4,20.4,5.68
STONE,12.4,20.4,5.7599998
GRASS,12.4,20.32,5.7599998
STONE,12.4,20.4,5.8399997
GRASS,12.4,20.32,5.8399997
STONE,12.4,20.4,5.92
GRASS,12.4,20.32,5.92
STONE,12.4,20.4,6.0
GRASS,12.4,20.32,6.0
STONE,12.4,20.4,6.08
GRASS,12.4,20.32,6.08
STONE,12.4,20.24,6.16
STONE,12.4,20.32,6.16
STONE,12.4,20.4,6.16
GRASS,12.4,20.16,6.16
STONE,12.4,20.24,6.24
STONE,12.4,20.32,6.24
STONE,12.4,20.4,6.24
GRASS,12.4,20.16,6.24
STONE,12.4,20.24,6.3199997
STONE,12.4,20.32,6.3199997
STONE,12.4,20.4,6.3199997
GRASS,12.4,20.16,6.3199997
GRASS,12.48,20.4,5.12
GRASS,12.48,20.4,5.2
GRASS,12.48,20.4,5.2799997
GRASS,12.48,20.4,5.3599997
GRASS,12.48,20.4,5.44
GRASS,12.48,20.4,5.52
STONE,12.48,20.4,5.6
GRASS,12.48,20.32,5.6
STONE,12.48,20.4,5.68
GRASS,12.48,20.32,5.68
STONE,12.48,20.4,5.7599998
GRASS,12.48,20.32,5.7599998
STONE,12.48,20.32,5.8399997
STONE,12.48,20.4,5.8399997
GRASS,12.48,20.24,5.8399997
STONE,12.48,20.4,5.92
GRASS,12.48,20.32,5.92
STONE,12.48,20.4,6.0
GRASS,12.48,20.32,6.0
GRASS,12.48,20.4,6.08
STONE,12.48,20.32,6.16
STONE,12.48,20.4,6.16
GRASS,12.48,20.24,6.16
STONE,12.48,20.24,6.24
STONE,12.48,20.32,6.24
STONE,12.48,20.4,6.24
GRASS,12.48,20.16,6.24
STONE,12.48,20.24,6.3199997
STONE,12.48,20.32,6.3199997
STONE,12.48,20.4,6.3199997
GRASS,12.48,20.16,6.3199997
GRASS,12.559999,20.4,5.12
LOG,12.559999,20.32,5.2
LOG,12.559999,20.24,5.2
LOG,12.559999,20.16,5.2
LOG,12.559999,20.08,5.2
LEAF,12.559999,20.0,5.2
LEAF,12.48,20.08,5.2
LEAF,12.639999,20.08,5.2
LEAF,12.559999,20.08,5.12
LEAF,12.559999,20.08,5.2799997
DIRT,12.559999,20.4,5.2
GRASS,12.559999,20.4,5.2799997
GRASS,12.559999,20.4,5.3599997
GRASS,12.559999,20.4,5.44
STONE,12.559999,20.4,5.52
GRASS,12.559999,20.32,5.52
STONE,12.559999,20.4,5.6
GRASS,12.559999,20.32,5.6
STONE,12.559999,20.4,5.68
GRASS,12.559999,20.32,5.68
STONE,12.559999,20.4,5.7599998
GRASS,12.559999,20.32,5.7599998
STONE,12.559999,20.4,5.8399997
GRASS,12.559999,20.32,5.8399997
STONE,12.559999,20.4,5.92
GRASS,12.559999,20.32,5.92
STONE,12.559999,20.32,6.0
STONE,12.559999,20.4,6.0
GRASS,12.559999,20.24,6.0
STONE,12.559999,20.32,6.08
STONE,12.559999,20.4,6.08
LOG,12.559999,20.16,6.08
LOG,12.559999,20.08,6.08
LOG,12.559999,20.0,6.08
LOG,12.559999,19.92,6.08
LEAF,12.559999,19.84,6.08
LEAF,12.48,19.92,6.08
LEAF,12.639999,19.92,6.08
LEAF,12.559999,19.92,6.0
LEAF,12.559999,19.92,6.16
DIRT,12.559999,20.24,6.08
STONE,12.559999,20.32,6.16
STONE,12.559999,20.4,6.16
GRASS,12.559999,20.24,6.16
STONE,12.559999,20.32,6.24
STONE,12.559999,20.4,6.24
GRASS,12.559999,20.24,6.24
STONE,12.559999,20.32,6.3199997
STONE,12.559999,20.4,6.3199997
GRASS,12.559999,20.24,6.3199997
GRASS,12.639999,20.4,5.12
GRASS,12.639999,20.4,5.2
GRASS,12.639999,20.4,5.2799997
GRASS,12.639999,20.4,5.3599997
STONE,12.639999,20.4,5.44
GRASS,12.639999,20.32,5.44
STONE,12.639999,20.4,5.52
GRASS,12.639999,20.32,5.52
STONE,12.639999,20.32,5.6
STONE,12.639999,20.4,5.6
GRASS,12.639999,20.24,5.6
STONE,12.639999,20.4,5.68
GRASS,12.639999,20.32,5.68
STONE,12.639999,20.4,5.7599998
GRASS,12.639999,20.32,5.7599998
STONE,12.639999,20.4,5.8399997
GRASS,12.639999,20.32,5.8399997
STONE,12.639999,20.32,5.92
STONE,12.639999,20.4,5.92
GRASS,12.639999,20.24,5.92
STONE,12.639999,20.32,6.0
STONE,12.639999,20.4,6.0
GRASS,12.639999,20.24,6.0
STONE,12.639999,20.32,6.08
STONE,12.639999,20.4,6.08
GRASS,12.639999,20.24,6.08
STONE,12.639999,20.32,6.16
STONE,12.639999,20.4,6.16
GRASS,12.639999,20.24,6.16
STONE,12.639999,20.32,6.24
STONE,12.639999,20.4,6.24
GRASS,12.639999,20.24,6.24
STONE,12.639999,20.32,6.3199997
STONE,12.639999,20.4,6.3199997
GRASS,12.639999,20.24,6.3199997
GRASS,12.719999,20.4,5.12
GRASS,12.719999,20.4,5.2
GRASS,12.719999,20.4,5.2799997
GRASS,12.719999,20.4,5.3599997
GRASS,12.719999,20.4,5.44
STONE,12.719999,20.4,5.52
GRASS,12.719999,20.32,5.52
STONE,12.719999,20.4,5.6
GRASS,12.719999,20.32,5.6
STONE,12.719999,20.4,5.68
GRASS,12.719999,20.32,5.68
GRASS,12.719999,20.4,5.7599998
GRASS,12.719999,20.4,5.8399997
STONE,12.719999,20.32,5.92
STONE,12.719999,20.4,5.92
GRASS,12.719999,20.24,5.92
STONE,12.719999,20.32,6.0
STONE,12.719999,20.4,6.0
GRASS,12.719999,20.24,6.0
STONE,12.719999,20.08,6.08
STONE,12.719999,20.16,6.08
STONE,12.719999,20.24,6.08
STONE,12.719999,20.32,6.08
STONE,12.719999,20.4,6.08
GRASS,12.719999,20.0,6.08
STONE,12.719999,20.08,6.16
STONE,12.719999,20.16,6.16
STONE,12.719999,20.24,6.16
STONE,12.719999,20.32,6.16
STONE,12.719999,20.4,6.16
GRASS,12.719999,20.0,6.16
STONE,12.719999,20.08,6.24
STONE,12.719999,20.16,6.24
STONE,12.719999,20.24,6.24
STONE,12.719999,20.32,6.24
STONE,12.719999,20.4,6.24
GRASS,12.719999,20.0,6.24
STONE,12.719999,20.32,6.3199997
STONE,12.719999,20.4,6.3199997
GRASS,12.719999,20.24,6.3199997
