STONE,11.5199995,19.359999,6.3999996
STONE,11.5199995,19.439999,6.3999996
STONE,11.5199995,19.519999,6.3999996
STONE,11.5199995,19.599998,6.3999996
STONE,11.5199995,19.679998,6.3999996
STONE,11.5199995,19.759998,6.3999996
STONE,11.5199995,19.839998,6.3999996
STONE,11.5199995,19.919998,6.3999996
STONE,11.5199995,19.999998,6.3999996
STONE,11.5199995,20.079998,6.3999996
STONE,11.5199995,20.159998,6.3999996
STONE,11.5199995,20.239998,6.3999996
STONE,11.5199995,20.319998,6.3999996
STONE,11.5199995,20.399998,6.3999996
GRASS,11.5199995,19.279999,6.3999996
STONE,11.5199995,19.359999,6.4799995
STONE,11.5199995,19.439999,6.4799995
STONE,11.5199995,19.519999,6.4799995
STONE,11.5199995,19.599998,6.4799995
STONE,11.5199995,19.679998,6.4799995
STONE,11.5199995,19.759998,6.4799995
STONE,11.5199995,19.839998,6.4799995
STONE,11.5199995,19.919998,6.4799995
STONE,11.5199995,19.999998,6.4799995
STONE,11.5199995,20.079998,6.4799995
STONE,11.5199995,20.159998,6.4799995
STONE,11.5199995,20.239998,6.4799995
STONE,11.5199995,20.319998,6.4799995
STONE,11.5199995,20.399998,6.4799995
GRASS,11.5199995,19.279999,6.4799995
STONE,11.5199995,19.359999,6.5599995
STONE,11.5199995,19.439999,6.5599995
STONE,11.5199995,19.519999,6.5599995
STONE,11.5199995,19.599998,6.5599995
STONE,11.5199995,19.679998,6.5599995
STONE,11.5199995,19.759998,6.5599995
STONE,11.5199995,19.839998,6.5599995
STONE,11.5199995,19.919998,6.5599995
STONE,11.5199995,19.999998,6.5599995
STONE,11.5199995,20.079998,6.5599995
STONE,11.5199995,20.159998,6.5599995
STONE,11.5199995,20.239998,6.5599995
STONE,11.5199995,20.319998,6.5599995
STONE,11.5199995,20.399998,6.5599995
GRASS,11.5199995,19.279999,6.5599995
STONE,11.5199995,20.4,6.6399994
LOG,11.5199995,20.24,6.6399994
LOG,11.5199995,20.16,6.6399994
LOG,11.5199995,20.08,6.6399994
LOG,11.5199995,20.0,6.6399994
LOG,11.5199995,19.92,6.6399994
LEAF,11.5199995,19.84,6.6399994
LEAF,11.44,19.92,6.6399994
LEAF,11.599999,19.92,6.6399994
LEAF,11.5199995,19.92,6.5599995
LEAF,11.5199995,19.92,6.7199993
GRASS,11.5199995,20.32,6.6399994
STONE,11.5199995,20.4,6.72
GRASS,11.5199995,20.32,6.72
STONE,11.5199995,20.4,6.7999997
GRASS,11.5199995,20.32,6.7999997
STONE,11.5199995,20.4,6.8799996
GRASS,11.5199995,20.32,6.8799996
STONE,11.5199995,20.4,6.9599996
GRASS,11.5199995,20.32,6.9599996
STONE,11.5199995,19.76,7.0399995
STONE,11.5199995,19.84,7.0399995
STONE,11.5199995,19.92,7.0399995
STONE,11.5199995,20.0,7.0399995
STONE,11.5199995,20.08,7.0399995
STONE,11.5199995,20.16,7.0399995
STONE,11.5199995,20.24,7.0399995
STONE,11.5199995,20.32,7.0399995
STONE,11.5199995,20.4,7.0399995
GRASS,11.5199995,19.68,7.0399995
STONE,11.5199995,20.24,7.1199994
STONE,11.5199995,20.32,7.1199994
STONE,11.5199995,20.4,7.1199994
GRASS,11.5199995,20.16,7.1199994
STONE,11.5199995,20.24,7.2
STONE,11.5199995,20.32,7.2
STONE,11.5199995,20.4,7.2
GRASS,11.5199995,20.16,7.2
STONE,11.5199995,20.24,7.2799997
STONE,11.5199995,20.32,7.2799997
STONE,11.5199995,20.4,7.2799997
GRASS,11.5199995,20.16,7.2799997
GRASS,11.5199995,20.4,7.3599997
STONE,11.5199995,20.4,7.4399996
LOG,11.5199995,20.24,7.4399996
LOG,11.5199995,20.16,7.4399996
LOG,11.5199995,20.08,7.4399996
LOG,11.5199995,20.0,7.4399996
LEAF,11.5199995,19.92,7.4399996
LEAF,11.44,20.0,7.4399996
LEAF,11.599999,20.0,7.4399996
LEAF,11.5199995,20.0,7.3599997
LEAF,11.5199995,20.0,7.5199995
GRASS,11.5199995,20.32,7.4399996
GRASS,11.5199995,20.4,7.5199995
STONE,11.5199995,20.4,7.5999994
GRASS,11.5199995,20.32,7.5999994
STONE,11.599999,20.4,6.3999996
GRASS,11.599999,20.32,6.3999996
STONE,11.599999,19.359999,6.4799995
STONE,11.599999,19.439999,6.4799995
STONE,11.599999,19.519999,6.4799995
STONE,11.599999,19.599998,6.4799995
STONE,11.599999,19.679998,6.4799995
STONE,11.599999,19.759998,6.4799995
STONE,11.599999,19.839998,6.4799995
STONE,11.599999,19.919998,6.4799995
STONE,11.599999,19.999998,6.4799995
STONE,11.599999,20.079998,6.4799995
STONE,11.599999,20.159998,6.4799995
STONE,11.599999,20.239998,6.4799995
STONE,11.599999,20.319998,6.4799995
STONE,11.599999,20.399998,6.4799995
GRASS,11.599999,19.279999,6.4799995
STONE,11.599999,20.4,6.5599995
GRASS,11.599999,20.32,6.5599995
STONE,11.599999,20.4,6.6399994
GRASS,11.599999,20.32,6.6399994
STONE,11.599999,20.08,6.72
STONE,11.599999,20.16,6.72
STONE,11.599999,20.24,6.72
STONE,11.599999,20.32,6.72
STONE,11.599999,20.4,6.72
GRASS,11.599999,20.0,6.72
STONE,11.599999,20.08,6.7999997
STONE,11.599999,20.16,6.7999997
STONE,11.599999,20.24,6.7999997
STONE,11.599999,20.32,6.7999997
STONE,11.599999,20.4,6.7999997
GRASS,11.599999,20.0,6.7999997
STONE,11.599999,20.4,6.8799996
GRASS,11.599999,20.32,6.8799996
STONE,11.599999,20.4,6.9599996
GRASS,11.599999,20.32,6.9599996
STONE,11.599999,20.4,7.0399995
GRASS,11.599999,20.32,7.0399995
STONE,11.599999,20.4,7.1199994
GRASS,11.599999,20.32,7.1199994
STONE,11.599999,20.24,7.2
STONE,11.599999,20.32,7.2
STONE,11.599999,20.4,7.2
GRASS,11.599999,20.16,7.2
STONE,11.599999,20.24,7.2799997
STONE,11.599999,20.32,7.2799997
STONE,11.599999,20.4,7.2799997
GRASS,11.599999,20.16,7.2799997
STONE,11.599999,20.4,7.3599997
GRASS,11.599999,20.32,7.3599997
STONE,11.599999,20.4,7.4399996
GRASS,11.599999,20.32,7.4399996
STONE,11.599999,20.4,7.5199995
GRASS,11.599999,20.32,7.5199995
GRASS,11.599999,20.4,7.5999994
STONE,11.679999,20.4,6.3999996
GRASS,11.679999,20.32,6.3999996
STONE,11.679999,20.4,6.4799995
GRASS,11.679999,20.32,6.4799995
STONE,11.679999,20.4,6.5599995
GRASS,11.679999,20.32,6.5599995
STONE,11.679999,20.08,6.6399994
STONE,11.679999,20.16,6.6399994
STONE,11.679999,20.24,6.6399994
STONE,11.679999,20.32,6.6399994
STONE,11.679999,20.4,6.6399994
GRASS,11.679999,20.0,6.6399994
STONE,11.679999,20.08,6.72
STONE,11.679999,20.16,6.72
STONE,11.679999,20.24,6.72
STONE,11.679999,20.32,6.72
STONE,11.679999,20.4,6.72
GRASS,11.679999,20.0,6.72
STONE,11.679999,20.4,6.7999997
GRASS,11.679999,20.32,6.7999997
STONE,11.679999,20.4,6.8799996
GRASS,11.679999,20.32,6.8799996
STONE,11.679999,20.4,6.9599996
GRASS,11.679999,20.32,6.9599996
STONE,11.679999,20.4,7.0399995
GRASS,11.679999,20.32,7.0399995
STONE,11.679999,20.4,7.1199994
GRASS,11.679999,20.32,7.1199994
STONE,11.679999,20.4,7.2
GRASS,11.679999,20.32,7.2
STONE,11.679999,20.4,7.2799997
GRASS,11.679999,20.32,7.2799997
STONE,11.679999,20.4,7.3599997
GRASS,11.679999,20.32,7.3599997
STONE,11.679999,20.32,7.4399996
STONE,11.679999,20.4,7.4399996
GRASS,11.679999,20.24,7.4399996
STONE,11.679999,20.4,7.5199995
GRASS,11.679999,20.32,7.5199995
STONE,11.679999,20.4,7.5999994
GRASS,11.679999,20.32,7.5999994
STONE,11.759999,20.32,6.3999996
STONE,11.759999,20.4,6.3999996
GRASS,11.759999,20.24,6.3999996
STONE,11.759999,20.4,6.4799995
GRASS,11.759999,20.32,6.4799995
STONE,11.759999,20.4,6.5599995
GRASS,11.759999,20.32,6.5599995
STONE,11.759999,20.08,6.6399994
STONE,11.759999,20.16,6.6399994
STONE,11.759999,20.24,6.6399994
STONE,11.759999,20.32,6.6399994
STONE,11.759999,20.4,6.6399994
GRASS,11.759999,20.0,6.6399994
STONE,11.759999,20.4,6.72
GRASS,11.759999,20.32,6.72
STONE,11.759999,20.4,6.7999997
GRASS,11.759999,20.32,6.7999997
STONE,11.759999,20.32,6.8799996
STONE,11.759999,20.4,6.8799996
GRASS,11.759999,20.24,6.8799996
STONE,11.759999,20.4,6.9599996
GRASS,11.759999,20.32,6.9599996
STONE,11.759999,20.4,7.0399995
GRASS,11.759999,20.32,7.0399995
STONE,11.759999,20.32,7.1199994
STONE,11.759999,20.4,7.1199994
GRASS,11.759999,20.24,7.1199994
STONE,11.759999,20.4,7.2
GRASS,11.759999,20.32,7.2
STONE,11.759999,20.16,7.2799997
STONE,11.759999,20.24,7.2799997
STONE,11.759999,20.32,7.2799997
STONE,11.759999,20.4,7.2799997
GRASS,11.759999,20.08,7.2799997
STONE,11.759999,20.4,7.3599997
GRASS,11.759999,20.32,7.3599997
STONE,11.759999,20.4,7.4399996
GRASS,11.759999,20.32,7.4399996
STONE,11.759999,20.4,7.5199995
GRASS,11.759999,20.32,7.5199995
GRASS,11.759999,20.4,7.5999994
STONE,11.839999,20.4,6.3999996
GRASS,11.839999,20.32,6.3999996
STONE,11.839999,20.4,6.4799995
GRASS,11.839999,20.32,6.4799995
STONE,11.839999,20.4,6.5599995
GRASS,11.839999,20.32,6.5599995
STONE,11.839999,20.08,6.6399994
STONE,11.839999,20.16,6.6399994
STONE,11.839999,20.24,6.6399994
STONE,11.839999,20.32,6.6399994
STONE,11.839999,20.4,6.6399994
GRASS,11.839999,20.0,6.6399994
STONE,11.839999,20.08,6.72
STONE,11.839999,20.16,6.72
STONE,11.839999,20.24,6.72
STONE,11.839999,20.32,6.72
STONE,11.839999,20.4,6.72
GRASS,11.839999,20.0,6.72
STONE,11.839999,20.4,6.7999997
GRASS,11.839999,20.32,6.7999997
STONE,11.839999,20.4,6.8799996
GRASS,11.839999,20.32,6.8799996
STONE,11.839999,20.4,6.9599996
GRASS,11.839999,20.32,6.9599996
STONE,11.839999,20.4,7.0399995
GRASS,11.839999,20.32,7.0399995
STONE,11.839999,20.16,7.1199994
STONE,11.839999,20.24,7.1199994
STONE,11.839999,20.32,7.1199994
STONE,11.839999,20.4,7.1199994
GRASS,11.839999,20.08,7.1199994
STONE,11.839999,20.16,7.2
STONE,11.839999,20.24,7.2
STONE,11.839999,20.32,7.2
STONE,11.839999,20.4,7.2
GRASS,11.839999,20.08,7.2
STONE,11.839999,20.16,7.2799997
STONE,11.839999,20.24,7.2799997
STONE,11.839999,20.32,7.2799997
STONE,11.839999,20.4,7.2799997
GRASS,11.839999,20.08,7.2799997
STONE,11.839999,20.16,7.3599997
STONE,11.839999,20.24,7.3599997
STONE,11.839999,20.32,7.3599997
STONE,11.839999,20.4,7.3599997
GRASS,11.839999,20.08,7.3599997
STONE,11.839999,20.16,7.4399996
STONE,11.839999,20.24,7.4399996
STONE,11.839999,20.32,7.4399996
STONE,11.839999,20.4,7.4399996
GRASS,11.839999,20.08,7.4399996
GRASS,11.839999,20.4,7.5199995
GRASS,11.839999,20.4,7.5999994
STONE,11.919999,20.4,6.3999996
GRASS,11.919999,20.32,6.3999996
STONE,11.919999,19.76,6.4799995
STONE,11.919999,19.84,6.4799995
STONE,11.919999,19.92,6.4799995
STONE,11.919999,20.0,6.4799995
STONE,11.919999,20.08,6.4799995
STONE,11.919999,20.16,6.4799995
STONE,11.919999,20.24,6.4799995
STONE,11.919999,20.32,6.4799995
STONE,11.919999,20.4,6.4799995
GRASS,11.919999,19.68,6.4799995
STONE,11.919999,20.4,6.5599995
GRASS,11.919999,20.32,6.5599995
STONE,11.919999,20.4,6.6399994
GRASS,11.919999,20.32,6.6399994
STONE,11.919999,20.4,6.72
GRASS,11.919999,20.32,6.72
STONE,11.919999,20.08,6.7999997
STONE,11.919999,20.16,6.7999997
STONE,11.919999,20.24,6.7999997
STONE,11.919999,20.32,6.7999997
STONE,11.919999,20.4,6.7999997
GRASS,11.919999,20.0,6.7999997
STONE,11.919999,20.4,6.8799996
GRASS,11.919999,20.32,6.8799996
STONE,11.919999,20.4,6.9599996
GRASS,11.919999,20.32,6.9599996
STONE,11.919999,20.4,7.0399995
GRASS,11.919999,20.32,7.0399995
STONE,11.919999,20.16,7.1199994
STONE,11.919999,20.24,7.1199994
STONE,11.919999,20.32,7.1199994
STONE,11.919999,20.4,7.1199994
GRASS,11.919999,20.08,7.1199994
STONE,11.919999,20.16,7.2
STONE,11.919999,20.24,7.2
STONE,11.919999,20.32,7.2
STONE,11.919999,20.4,7.2
GRASS,11.919999,20.08,7.2
STONE,11.919999,20.16,7.2799997
STONE,11.919999,20.24,7.2799997
STONE,11.919999,20.32,7.2799997
STONE,11.919999,20.4,7.2799997
GRASS,11.919999,20.08,7.2799997
STONE,11.919999,20.16,7.3599997
STONE,11.919999,20.24,7.3599997
STONE,11.919999,20.32,7.3599997
STONE,11.919999,20.4,7.3599997
GRASS,11.919999,20.08,7.3599997
STONE,11.919999,20.16,7.4399996
STONE,11.919999,20.24,7.4399996
STONE,11.919999,20.32,7.4399996
STONE,11.919999,20.4,7.4399996
GRASS,11.919999,20.08,7.4399996
GRASS,11.919999,20.4,7.5199995
GRASS,11.919999,20.4,7.5999994
STONE,11.999999,19.76,6.3999996
STONE,11.999999,19.84,6.3999996
STONE,11.999999,19.92,6.3999996
STONE,11.999999,20.0,6.3999996
STONE,11.999999,20.08,6.3999996
STONE,11.999999,20.16,6.3999996
STONE,11.999999,20.24,6.3999996
STONE,11.999999,20.32,6.3999996
STONE,11.999999,20.4,6.3999996
GRASS,11.999999,19.68,6.3999996
STONE,11.999999,19.76,6.4799995
STONE,11.999999,19.84,6.4799995
STONE,11.999999,19.92,6.4799995
STONE,11.999999,20.0,6.4799995
STONE,11.999999,20.08,6.4799995
STONE,11.999999,20.16,6.4799995
STONE,11.999999,20.24,6.4799995
STONE,11.999999,20.32,6.4799995
STONE,11.999999,20.4,6.4799995
GRASS,11.999999,19.68,6.4799995
STONE,11.999999,19.76,6.5599995
STONE,11.999999,19.84,6.5599995
STONE,11.999999,19.92,6.5599995
STONE,11.999999,20.0,6.5599995
STONE,11.999999,20.08,6.5599995
STONE,11.999999,20.16,6.5599995
STONE,11.999999,20.24,6.5599995
STONE,11.999999,20.32,6.5599995
STONE,11.999999,20.4,6.5599995
GRASS,11.999999,19.68,6.5599995
STONE,11.999999,20.4,6.6399994
GRASS,11.999999,20.32,6.6399994
STONE,11.999999,20.4,6.72
GRASS,11.999999,20.32,6.72
STONE,11.999999,20.4,6.7999997
GRASS,11.999999,20.32,6.7999997
STONE,11.999999,20.4,6.8799996
GRASS,11.999999,20.32,6.8799996
STONE,11.999999,20.4,6.9599996
GRASS,11.999999,20.32,6.9599996
STONE,11.999999,20.16,7.0399995
STONE,11.999999,20.24,7.0399995
STONE,11.999999,20.32,7.0399995
STONE,11.999999,20.4,7.0399995
GRASS,11.999999,20.08,7.0399995
STONE,11.999999,20.16,7.1199994
STONE,11.999999,20.24,7.1199994
STONE,11.999999,20.32,7.1199994
STONE,11.999999,20.4,7.1199994
GRASS,11.999999,20.08,7.1199994
STONE,11.999999,20.16,7.2
STONE,11.999999,20.24,7.2
STONE,11.999999,20.32,7.2
STONE,11.999999,20.4,7.2
GRASS,11.999999,20.08,7.2
STONE,11.999999,20.16,7.2799997
STONE,11.999999,20.24,7.2799997
STONE,11.999999,20.32,7.2799997
STONE,11.999999,20.4,7.2799997
GRASS,11.999999,20.08,7.2799997
STONE,11.999999,20.16,7.3599997
STONE,11.999999,20.24,7.3599997
STONE,11.999999,20.32,7.3599997
STONE,11.999999,20.4,7.3599997
GRASS,11.999999,20.08,7.3599997
STONE,11.999999,20.16,7.4399996
STONE,11.999999,20.24,7.4399996
STONE,11.999999,20.32,7.4399996
STONE,11.999999,20.4,7.4399996
GRASS,11.999999,20.08,7.4399996
STONE,11.999999,20.16,7.5199995
STONE,11.999999,20.24,7.5199995
STONE,11.999999,20.32,7.5199995
STONE,11.999999,20.4,7.5199995
GRASS,11.999999,20.08,7.5199995
GRASS,11.999999,20.4,7.5999994
STONE,12.08,19.76,6.3999996
STONE,12.08,19.84,6.3999996
STONE,12.08,19.92,6.3999996
STONE,12.08,20.0,6.3999996
STONE,12.08,20.08,6.3999996
STONE,12.08,20.16,6.3999996
STONE,12.08,20.24,6.3999996
STONE,12.08,20.32,6.3999996
STONE,12.08,20.4,6.3999996
GRASS,12.08,19.68,6.3999996
STONE,12.08,19.76,6.4799995
STONE,12.08,19.84,6.4799995
STONE,12.08,19.92,6.4799995
STONE,12.08,20.0,6.4799995
STONE,12.08,20.08,6.4799995
STONE,12.08,20.16,6.4799995
STONE,12.08,20.24,6.4799995
STONE,12.08,20.32,6.4799995
STONE,12.08,20.4,6.4799995
LOG,12.08,19.6,6.4799995
LOG,12.08,19.52,6.4799995
LOG,12.08,19.44,6.4799995
LOG,12.08,19.36,6.4799995
LEAF,12.08,19.28,6.4799995
LEAF,12.0,19.36,6.4799995
LEAF,12.16,19.36,6.4799995
LEAF,12.08,19.36,6.3999996
LEAF,12.08,19.36,6.5599995
DIRT,12.08,19.68,6.4799995
STONE,12.08,20.4,6.5599995
GRASS,12.08,20.32,6.5599995
STONE,12.08,20.4,6.6399994
GRASS,12.08,20.32,6.6399994
STONE,12.08,20.32,6.72
STONE,12.08,20.4,6.72
GRASS,12.08,20.24,6.72
STONE,12.08,20.4,6.7999997
GRASS,12.08,20.32,6.7999997
STONE,12.08,20.4,6.8799996
GRASS,12.08,20.32,6.8799996
STONE,12.08,20.24,6.9599996
STONE,12.08,20.32,6.9599996
STONE,12.08,20.4,6.9599996
GRASS,12.08,20.16,6.9599996
STONE,12.08,20.24,7.0399995
STONE,12.08,20.32,7.0399995
STONE,12.08,20.4,7.0399995
GRASS,12.08,20.16,7.0399995
STONE,12.08,20.16,7.1199994
STONE,12.08,20.24,7.1199994
STONE,12.08,20.32,7.1199994
STONE,12.08,20.4,7.1199994
GRASS,12.08,20.08,7.1199994
STONE,12.08,20.16,7.2
STONE,12.08,20.24,7.2
STONE,12.08,20.32,7.2
STONE,12.08,20.4,7.2
GRASS,12.08,20.08,7.2
STONE,12.08,20.16,7.2799997
STONE,12.08,20.24,7.2799997
STONE,12.08,20.32,7.2799997
STONE,12.08,20.4,7.2799997
GRASS,12.08,20.08,7.2799997
STONE,12.08,20.16,7.3599997
STONE,12.08,20.24,7.3599997
STONE,12.08,20.32,7.3599997
STONE,12.08,20.4,7.3599997
GRASS,12.08,20.08,7.3599997
STONE,12.08,20.16,7.4399996
STONE,12.08,20.24,7.4399996
STONE,12.08,20.32,7.4399996
STONE,12.08,20.4,7.4399996
GRASS,12.08,20.08,7.4399996
GRASS,12.08,20.4,7.5199995
GRASS,12.08,20.4,7.5999994
STONE,12.16,20.4,6.3999996
GRASS,12.16,20.32,6.3999996
STONE,12.16,19.76,6.4799995
STONE,12.16,19.84,6.4799995
STONE,12.16,19.92,6.4799995
STONE,12.16,20.0,6.4799995
STONE,12.16,20.08,6.4799995
STONE,12.16,20.16,6.4799995
STONE,12.16,20.24,6.4799995
STONE,12.16,20.32,6.4799995
STONE,12.16,20.4,6.4799995
GRASS,12.16,19.68,6.4799995
STONE,12.16,19.76,6.5599995
STONE,12.16,19.84,6.5599995
STONE,12.16,19.92,6.5599995
STONE,12.16,20.0,6.5599995
STONE,12.16,20.08,6.5599995
STONE,12.16,20.16,6.5599995
STONE,12.16,20.24,6.5599995
STONE,12.16,20.32,6.5599995
STONE,12.16,20.4,6.5599995
GRASS,12.16,19.68,6.5599995
STONE,12.16,20.4,6.6399994
GRASS,12.16,20.32,6.6399994
STONE,12.16,20.4,6.72
GRASS,12.16,20.32,6.72
STONE,12.16,20.4,6.7999997
GRASS,12.16,20.32,6.7999997
STONE,12.16,20.24,6.8799996
STONE,12.16,20.32,6.8799996
STONE,12.16,20.4,6.8799996
GRASS,12.16,20.16,6.8799996
STONE,12.16,20.24,6.9599996
STONE,12.16,20.32,6.9599996
STONE,12.16,20.4,6.9599996
GRASS,12.16,20.16,6.9599996
STONE,12.16,20.24,7.0399995
STONE,12.16,20.32,7.0399995
STONE,12.16,20.4,7.0399995
GRASS,12.16,20.16,7.0399995
STONE,12.16,20.16,7.1199994
STONE,12.16,20.24,7.1199994
STONE,12.16,20.32,7.1199994
STONE,12.16,20.4,7.1199994
GRASS,12.16,20.08,7.1199994
STONE,12.16,20.16,7.2
STONE,12.16,20.24,7.2
STONE,12.16,20.32,7.2
STONE,12.16,20.4,7.2
GRASS,12.16,20.08,7.2
STONE,12.16,20.16,7.2799997
STONE,12.16,20.24,7.2799997
STONE,12.16,20.32,7.2799997
STONE,12.16,20.4,7.2799997
GRASS,12.16,20.08,7.2799997
STONE,12.16,20.16,7.3599997
STONE,12.16,20.24,7.3599997
STONE,12.16,20.32,7.3599997
STONE,12.16,20.4,7.3599997
GRASS,12.16,20.08,7.3599997
STONE,12.16,20.16,7.4399996
STONE,12.16,20.24,7.4399996
STONE,12.16,20.32,7.4399996
STONE,12.16,20.4,7.4399996
GRASS,12.16,20.08,7.4399996
GRASS,12.16,20.4,7.5199995
LOG,12.16,20.32,7.5999994
LOG,12.16,20.24,7.5999994
LOG,12.16,20.16,7.5999994
LOG,12.16,20.08,7.5999994
LEAF,12.16,20.0,7.5999994
LEAF,12.08,20.08,7.5999994
LEAF,12.24,20.08,7.5999994
LEAF,12.16,20.08,7.5199995
LEAF,12.16,20.08,7.6799994
DIRT,12.16,20.4,7.5999994
STONE,12.24,20.4,6.3999996
GRASS,12.24,20.32,6.3999996
STONE,12.24,20.4,6.4799995
GRASS,12.24,20.32,6.4799995
STONE,12.24,20.24,6.5599995
STONE,12.24,20.32,6.5599995
STONE,12.24,20.4,6.5599995
GRASS,12.24,20.16,6.5599995
STONE,12.24,20.24,6.6399994
STONE,12.24,20.32,6.6399994
STONE,12.24,20.4,6.6399994
GRASS,12.24,20.16,6.6399994
STONE,12.24,20.4,6.72
GRASS,12.24,20.32,6.72
STONE,12.24,20.24,6.7999997
STONE,12.24,20.32,6.7999997
STONE,12.24,20.4,6.7999997
GRASS,12.24,20.16,6.7999997
STONE,12.24,20.24,6.8799996
STONE,12.24,20.32,6.8799996
STONE,12.24,20.4,6.8799996
GRASS,12.24,20.16,6.8799996
STONE,12.24,20.24,6.9599996
STONE,12.24,20.32,6.9599996
STONE,12.24,20.4,6.9599996
GRASS,12.24,20.16,6.9599996
GRASS,12.24,20.4,7.0399995
GRASS,12.24,20.4,7.1199994
GRASS,12.24,20.4,7.2
STONE,12.24,20.16,7.2799997
STONE,12.24,20.24,7.2799997
STONE,12.24,20.32,7.2799997
STONE,12.24,20.4,7.2799997
GRASS,12.24,20.08,7.2799997
GRASS,12.24,20.4,7.3599997
GRASS,12.24,20.4,7.4399996
GRASS,12.24,20.4,7.5199995
STONE,12.24,20.4,7.5999994
GRASS,12.24,20.32,7.5999994
STONE,12.32,20.32,6.3999996
STONE,12.32,20.4,6.3999996
GRASS,12.32,20.24,6.3999996
STONE,12.32,20.4,6.4799995
GRASS,12.32,20.32,6.4799995
STONE,12.32,20.4,6.5599995
GRASS,12.32,20.32,6.5599995
STONE,12.32,20.32,6.6399994
STONE,12.32,20.4,6.6399994
GRASS,12.32,20.24,6.6399994
STONE,12.32,20.24,6.72
STONE,12.32,20.32,6.72
STONE,12.32,20.4,6.72
GRASS,12.32,20.16,6.72
STONE,12.32,20.24,6.7999997
STONE,12.32,20.32,6.7999997
STONE,12.32,20.4,6.7999997
GRASS,12.32,20.16,6.7999997
GRASS,12.32,20.4,6.8799996
GRASS,12.32,20.4,6.9599996
GRASS,12.32,20.4,7.0399995
GRASS,12.32,20.4,7.1199994
GRASS,12.32,20.4,7.2
GRASS,12.32,20.4,7.2799997
GRASS,12.32,20.4,7.3599997
GRASS,12.32,20.4,7.4399996
GRASS,12.32,20.4,7.5199995
GRASS,12.32,20.4,7.5999994
STONE,12.4,20.24,6.3999996
STONE,12.4,20.32,6.3999996
STONE,12.4,20.4,6.3999996
GRASS,12.4,20.16,6.3999996
STONE,12.4,20.4,6.4799995
GRASS,12.4,20.32,6.4799995
STONE,12.4,20.32,6.5599995
STONE,12.4,20.4,6.5599995
GRASS,12.4,20.24,6.5599995
STONE,12.4,20.32,6.6399994
STONE,12.4,20.4,6.6399994
GRASS,12.4,20.24,6.6399994
STONE,12.4,20.32,6.72
STONE,12.4,20.4,6.72
GRASS,12.4,20.24,6.72
GRASS,12.4,20.4,6.7999997
GRASS,12.4,20.4,6.8799996
GRASS,12.4,20.4,6.9599996
GRASS,12.4,20.4,7.0399995
GRASS,12.4,20.4,7.1199994
GRASS,12.4,20.4,7.2
GRASS,12.4,20.4,7.2799997
GRASS,12.4,20.4,7.3599997
GRASS,12.4,20.4,7.4399996
GRASS,12.4,20.4,7.5199995
GRASS,12.4,20.4,7.5999994
STONE,12.48,20.24,6.3999996
STONE,12.48,20.32,6.3999996
STONE,12.48,20.4,6.3999996
GRASS,12.48,20.16,6.3999996
STONE,12.48,20.24,6.4799995
STONE,12.48,20.32,6.4799995
STONE,12.48,20.4,6.4799995
GRASS,12.48,20.16,6.4799995
GRASS,12.48,20.4,6.5599995
STONE,12.48,20.32,6.6399994
STONE,12.48,20.4,6.6399994
GRASS,12.48,20.24,6.6399994
GRASS,12.48,20.4,6.72
GRASS,12.48,20.4,6.7999997
GRASS,12.48,20.4,6.8799996
LOG,12.48,20.32,6.9599996
LOG,12.48,20.24,6.9599996
LOG,12.48,20.16,6.9599996
LOG,12.48,20.08,6.9599996
LEAF,12.48,20.0,6.9599996
LEAF,12.4,20.08,6.9599996
LEAF,12.559999,20.08,6.9599996
LEAF,12.48,20.08,6.8799996
LEAF,12.48,20.08,7.0399995
DIRT,12.48,20.4,6.9599996
GRASS,12.48,20.4,7.0399995
GRASS,12.48,20.4,7.1199994
GRASS,12.48,20.4,7.2
GRASS,12.48,20.4,7.2799997
GRASS,12.48,20.4,7.3599997
GRASS,12.48,20.4,7.4399996
GRASS,12.48,20.4,7.5199995
GRASS,12.48,20.4,7.5999994
STONE,12.559999,20.24,6.3999996
STONE,12.559999,20.32,6.3999996
STONE,12.559999,20.4,6.3999996
GRASS,12.559999,20.16,6.3999996
GRASS,12.559999,20.4,6.4799995
GRASS,12.559999,20.4,6.5599995
GRASS,12.559999,20.4,6.6399994
GRASS,12.559999,20.4,6.72
GRASS,12.559999,20.4,6.7999997
GRASS,12.559999,20.4,6.8799996
GRASS,12.559999,20.4,6.9599996
GRASS,12.559999,20.4,7.0399995
GRASS,12.559999,20.4,7.1199994
GRASS,12.559999,20.4,7.2
GRASS,12.559999,20.4,7.2799997
GRASS,12.559999,20.4,7.3599997
GRASS,12.559999,20.4,7.4399996
GRASS,12.559999,20.4,7.5199995
GRASS,12.559999,20.4,7.5999994
STONE,12.639999,20.32,6.3999996
STONE,12.639999,20.4,6.3999996
GRASS,12.639999,20.24,6.3999996
GRASS,12.639999,20.4,6.4799995
GRASS,12.639999,20.4,6.5599995
GRASS,12.639999,20.4,6.6399994
GRASS,12.639999,20.4,6.72
GRASS,12.639999,20.4,6.7999997
GRASS,12.639999,20.4,6.8799996
GRASS,12.639999,20.4,6.9599996
GRASS,12.639999,20.4,7.0399995
GRASS,12.639999,20.4,7.1199994
GRASS,12.639999,20.4,7.2
GRASS,12.639999,20.4,7.2799997
GRASS,12.639999,20.4,7.3599997
GRASS,12.639999,20.4,7.4399996
GRASS,12.639999,20.4,7.5199995
GRASS,12.639999,20.4,7.5999994
STONE,12.719999,20.32,6.3999996
STONE,12.719999,20.4,6.3999996
GRASS,12.719999,20.24,6.3999996
GRASS,12.719999,20.4,6.4799995
GRASS,12.719999,20.4,6.5599995
GRASS,12.719999,20.4,6.6399994
GRASS,12.719999,20.4,6.72
GRASS,12.719999,20.4,6.7999997
LOG,12.719999,20.32,6.8799996
LOG,12.719999,20.24,6.8799996
LOG,12.719999,20.16,6.8799996
LOG,12.719999,20.08,6.8799996
LEAF,12.719999,20.0,6.8799996
LEAF,12.639999,20.08,6.8799996
LEAF,12.799999,20.08,6.8799996
LEAF,12.719999,20.08,6.7999997
LEAF,12.719999,20.08,6.9599996
DIRT,12.719999,20.4,6.8799996
GRASS,12.719999,20.4,6.9599996
GRASS,12.719999,20.4,7.0399995
GRASS,12.719999,20.4,7.1199994
GRASS,12.719999,20.4,7.2
GRASS,12.719999,20.4,7.2799997
GRASS,12.719999,20.4,7.3599997
GRASS,12.719999,20.4,7.4399996
GRASS,12.719999,20.4,7.5199995
GRASS,12.719999,20.4,7.5999994
