GRASS,12.799999,20.4,6.3999996
GRASS,12.799999,20.4,6.4799995
GRASS,12.799999,20.4,6.5599995
GRASS,12.799999,20.4,6.6399994
STONE,12.799999,20.4,6.72
GRASS,12.799999,20.32,6.72
STONE,12.799999,20.4,6.7999997
GRASS,12.799999,20.32,6.7999997
STONE,12.799999,20.4,6.8799996
GRASS,12.799999,20.32,6.8799996
GRASS,12.799999,20.4,6.9599996
GRASS,12.799999,20.4,7.0399995
GRASS,12.799999,20.4,7.1199994
GRASS,12.799999,20.4,7.2
GRASS,12.799999,20.4,7.2799997
GRASS,12.799999,20.4,7.3599997
GRASS,12.799999,20.4,7.4399996
GRASS,12.799999,20.4,7.5199995
GRASS,12.799999,20.4,7.5999994
GRASS,12.879999,20.4,6.3999996
GRASS,12.879999,20.4,6.4799995
GRASS,12.879999,20.4,6.5599995
GRASS,12.879999,20.4,6.6399994
GRASS,12.879999,20.4,6.72
STONE,12.879999,20.4,6.7999997
GRASS,12.879999,20.32,6.7999997
GRASS,12.879999,20.4,6.8799996
GRASS,12.879999,20.4,6.9599996
GRASS,12.879999,20.4,7.0399995
GRASS,12.879999,20.4,7.1199994
GRASS,12.879999,20.4,7.2
GRASS,12.879999,20.4,7.2799997
GRASS,12.879999,20.4,7.3599997
GRASS,12.879999,20.4,7.4399996
GRASS,12.879999,20.4,7.5199995
GRASS,12.879999,20.4,7.5999994
GRASS,12.959999,20.4,6.3999996
GRASS,12.959999,20.4,6.4799995
GRASS,12.959999,20.4,6.5599995
GRASS,12.959999,20.4,6.6399994
GRASS,12.959999,20.4,6.72
GRASS,12.959999,20.4,6.7999997
GRASS,12.959999,20.4,6.8799996
GRASS,12.959999,20.4,6.9599996
GRASS,12.959999,20.4,7.0399995
GRASS,12.959999,20.4,7.1199994
GRASS,12.959999,20.4,7.2
GRASS,12.959999,20.4,7.2799997
GRASS,12.959999,20.4,7.3599997
GRASS,12.959999,20.4,7.4399996
GRASS,12.959999,20.4,7.5199995
GRASS,12.959999,20.4,7.5999994
GRASS,13.039999,20.4,6.3999996
GRASS,13.039999,20.4,6.4799995
GRASS,13.039999,20.4,6.5599995
GRASS,13.039999,20.4,6.6399994
GRASS,13.039999,20.4,6.72
GRASS,13.039999,20.4,6.7999997
GRASS,13.039999,20.4,6.8799996
GRASS,13.039999,20.4,6.9599996
GRASS,13.039999,20.4,7.0399995
GRASS,13.039999,20.4,7.1199994
GRASS,13.039999,20.4,7.2
GRASS,13.039999,20.4,7.2799997
GRASS,13.039999,20.4,7.3599997
GRASS,13.039999,20.4,7.4399996
GRASS,13.039999,20.4,7.5199995
GRASS,13.039999,20.4,7.5999994
STONE,13.119999,20.4,6.3999996
GRASS,13.119999,20.32,6.3999996
GRASS,13.119999,20.4,6.4799995
GRASS,13.119999,20.4,6.5599995
GRASS,13.119999,20.4,6.6399994
GRASS,13.119999,20.4,6.72
GRASS,13.119999,20.4,6.7999997
GRASS,13.119999,20.4,6.8799996
GRASS,13.119999,20.4,6.9599996
GRASS,13.119999,20.4,7.0399995
GRASS,13.119999,20.4,7.1199994
GRASS,13.119999,20.4,7.2
GRASS,13.119999,20.4,7.2799997
GRASS,13.119999,20.4,7.3599997
GRASS,13.119999,20.4,7.4399996
GRASS,13.119999,20.4,7.5199995
GRASS,13.119999,20.4,7.5999994
GRASS,13.199999,20.4,6.3999996
GRASS,13.199999,20.4,6.4799995
GRASS,13.199999,20.4,6.5599995
GRASS,13.199999,20.4,6.6399994
GRASS,13.199999,20.4,6.72
GRASS,13.199999,20.4,6.7999997
GRASS,13.199999,20.4,6.8799996
GRASS,13.199999,20.4,6.9599996
GRASS,13.199999,20.4,7.0399995
GRASS,13.199999,20.4,7.1199994
GRASS,13.199999,20.4,7.2
GRASS,13.199999,20.4,7.2799997
GRASS,13.199999,20.4,7.3599997
GRASS,13.199999,20.4,7.4399996
STONE,13.199999,20.4,7.5199995
GRASS,13.199999,20.32,7.5199995
GRASS,13.199999,20.4,7.5999994
GRASS,13.279999,20.4,6.3999996
GRASS,13.279999,20.4,6.4799995
GRASS,13.279999,20.4,6.5599995
GRASS,13.279999,20.4,6.6399994
GRASS,13.279999,20.4,6.72
GRASS,13.279999,20.4,6.7999997
STONE,13.279999,20.4,6.8799996
GRASS,13.279999,20.32,6.8799996
GRASS,13.279999,20.4,6.9599996
GRASS,13.279999,20.4,7.0399995
GRASS,13.279999,20.4,7.1199994
GRASS,13.279999,20.4,7.2
GRASS,13.279999,20.4,7.2799997
GRASS,13.279999,20.4,7.3599997
GRASS,13.279999,20.4,7.4399996
GRASS,13.279999,20.4,7.5199995
GRASS,13.279999,20.4,7.5999994
GRASS,13.36,20.4,6.3999996
GRASS,13.36,20.4,6.4799995
GRASS,13.36,20.4,6.5599995
GRASS,13.36,20.4,6.6399994
GRASS,13.36,20.4,6.72
STONE,13.36,20.4,6.7999997
GRASS,13.36,20.32,6.7999997
STONE,13.36,20.4,6.8799996
GRASS,13.36,20.32,6.8799996
STONE,13.36,20.4,6.9599996
GRASS,13.36,20.32,6.9599996
STONE,13.36,20.4,7.0399995
GRASS,13.36,20.32,7.0399995
GRASS,13.36,20.4,7.1199994
GRASS,13.36,20.4,7.2
GRASS,13.36,20.4,7.2799997
GRASS,13.36,20.4,7.3599997
GRASS,13.36,20.4,7.4399996
GRASS,13.36,20.4,7.5199995
GRASS,13.36,20.4,7.5999994
GRASS,13.44,20.4,6.3999996
GRASS,13.44,20.4,6.4799995
GRASS,13.44,20.4,6.5599995
GRASS,13.44,20.4,6.6399994
GRASS,13.44,20.4,6.72
GRASS,13.44,20.4,6.7999997
STONE,13.44,20.4,6.8799996
GRASS,13.44,20.32,6.8799996
STONE,13.44,20.4,6.9599996
GRASS,13.44,20.32,6.9599996
STONE,13.44,20.4,7.0399995
GRASS,13.44,20.32,7.0399995
STONE,13.44,20.4,7.1199994
GRASS,13.44,20.32,7.1199994
GRASS,13.44,20.4,7.2
GRASS,13.44,20.4,7.2799997
GRASS,13.44,20.4,7.3599997
GRASS,13.44,20.4,7.4399996
GRASS,13.44,20.4,7.5199995
GRASS,13.44,20.4,7.5999994
GRASS,13.5199995,20.4,6.3999996
GRASS,13.5199995,20.4,6.4799995
GRASS,13.5199995,20.4,6.5599995
GRASS,13.5199995,20.4,6.6399994
GRASS,13.5199995,20.4,6.72
GRASS,13.5199995,20.4,6.7999997
GRASS,13.5199995,20.4,6.8799996
GRASS,13.5199995,20.4,6.9599996
STONE,13.5199995,20.4,7.0399995
GRASS,13.5199995,20.32,7.0399995
GRASS,13.5199995,20.4,7.1199994
GRASS,13.5199995,20.4,7.2
GRASS,13.5199995,20.4,7.2799997
GRASS,13.5199995,20.4,7.3599997
GRASS,13.5199995,20.4,7.4399996
GRASS,13.5199995,20.4,7.5199995
GRASS,13.5199995,20.4,7.5999994
GRASS,13.599999,20.4,6.3999996
GRASS,13.599999,20.4,6.4799995
GRASS,13.599999,20.4,6.5599995
STONE,13.599999,20.4,6.6399994
GRASS,13.599999,20.32,6.6399994
STONE,13.599999,20.4,6.72
GRASS,13.599999,20.32,6.72
GRASS,13.599999,20.4,6.7999997
GRASS,13.599999,20.4,6.8799996
GRASS,13.599999,20.4,6.9599996
GRASS,13.599999,20.4,7.0399995
GRASS,13.599999,20.4,7.1199994
GRASS,13.599999,20.4,7.2
GRASS,13.599999,20.4,7.2799997
GRASS,13.599999,20.4,7.3599997
GRASS,13.599999,20.4,7.4399996
GRASS,13.599999,20.4,7.5199995
GRASS,13.599999,20.4,7.5999994
GRASS,13.679999,20.4,6.3999996
GRASS,13.679999,20.4,6.4799995
GRASS,13.679999,20.4,6.5599995
GRASS,13.679999,20.4,6.6399994
GRASS,13.679999,20.4,6.72
GRASS,13.679999,20.4,6.7999997
GRASS,13.679999,20.4,6.8799996
GRASS,13.679999,20.4,6.9599996
GRASS,13.679999,20.4,7.0399995
GRASS,13.679999,20.4,7.1199994
GRASS,13.679999,20.4,7.2
GRASS,13.679999,20.4,7.2799997
GRASS,13.679999,20.4,7.3599997
GRASS,13.679999,20.4,7.4399996
GRASS,13.679999,20.4,7.5199995
GRASS,13.679999,20.4,7.5999994
GRASS,13.759999,20.4,6.3999996
GRASS,13.759999,20.4,6.4799995
GRASS,13.759999,20.4,6.5599995
GRASS,13.759999,20.4,6.6399994
GRASS,13.759999,20.4,6.72
GRASS,13.759999,20.4,6.7999997
BIRCH_LOG,13.759999,20.32,6.8799996
BIRCH_LOG,13.759999,20.24,6.8799996
BIRCH_LOG,13.759999,20.16,6.8799996
BIRCH_LOG,13.759999,20.08,6.8799996
BIRCH_LOG,13.759999,20.0,6.8799996
LEAF,13.759999,19.92,6.8799996
LEAF,13.679999,20.0,6.8799996
LEAF,13.839999,20.0,6.8799996
LEAF,13.759999,20.0,6.7999997
LEAF,13.759999,20.0,6.9599996
DIRT,13.759999,20.4,6.8799996
GRASS,13.759999,20.4,6.9599996
GRASS,13.759999,20.4,7.0399995
GRASS,13.759999,20.4,7.1199994
STONE,13.759999,20.4,7.2
GRASS,13.759999,20.32,7.2
GRASS,13.759999,20.4,7.2799997
GRASS,13.759999,20.4,7.3599997
STONE,13.759999,20.4,7.4399996
GRASS,13.759999,20.32,7.4399996
GRASS,13.759999,20.4,7.5199995
GRASS,13.759999,20.4,7.5999994
GRASS,13.839999,20.4,6.3999996
GRASS,13.839999,20.4,6.4799995
GRASS,13.839999,20.4,6.5599995
GRASS,13.839999,20.4,6.6399994
GRASS,13.839999,20.4,6.72
GRASS,13.839999,20.4,6.7999997
GRASS,13.839999,20.4,6.8799996
GRASS,13.839999,20.4,6.9599996
GRASS,13.839999,20.4,7.0399995
GRASS,13.839999,20.4,7.1199994
GRASS,13.839999,20.4,7.2
GRASS,13.839999,20.4,7.2799997
STONE,13.839999,20.4,7.3599997
GRASS,13.839999,20.32,7.3599997
STONE,13.839999,20.4,7.4399996
GRASS,13.839999,20.32,7.4399996
STONE,13.839999,20.4,7.5199995
GRASS,13.839999,20.32,7.5199995
GRASS,13.839999,20.4,7.5999994
GRASS,13.919999,20.4,6.3999996
GRASS,13.919999,20.4,6.4799995
GRASS,13.919999,20.4,6.5599995
GRASS,13.919999,20.4,6.6399994
GRASS,13.919999,20.4,6.72
GRASS,13.919999,20.4,6.7999997
GRASS,13.919999,20.4,6.8799996
GRASS,13.919999,20.4,6.9599996
GRASS,13.919999,20.4,7.0399995
GRASS,13.919999,20.4,7.1199994
GRASS,13.919999,20.4,7.2
GRASS,13.919999,20.4,7.2799997
GRASS,13.919999,20.4,7.3599997
STONE,13.919999,20.4,7.4399996
GRASS,13.919999,20.32,7.4399996
GRASS,13.919999,20.4,7.5199995
STONE,13.919999,20.4,7.5999994
GRASS,13.919999,20.32,7.5999994
GRASS,13.999999,20.4,6.3999996
GRASS,13.999999,20.4,6.4799995
GRASS,13.999999,20.4,6.5599995
GRASS,13.999999,20.4,6.6399994
GRASS,13.999999,20.4,6.72
GRASS,13.999999,20.4,6.7999997
GRASS,13.999999,20.4,6.8799996
GRASS,13.999999,20.4,6.9599996
GRASS,13.999999,20.4,7.0399995
GRASS,13.999999,20.4,7.1199994
GRASS,13.999999,20.4,7.2
GRASS,13.999999,20.4,7.2799997
GRASS,13.999999,20.4,7.3599997
GRASS,13.999999,20.4,7.4399996
STONE,13.999999,20.4,7.5199995
GRASS,13.999999,20.32,7.5199995
STONE,13.999999,20.4,7.5999994
GRASS,13.999999,20.32,7.5999994
