GRASS,14.08,20.4,1.28
GRASS,14.08,20.4,1.36
GRASS,14.08,20.4,1.4399999
GRASS,14.08,20.4,1.52
GRASS,14.08,20.4,1.5999999
GRASS,14.08,20.4,1.68
GRASS,14.08,20.4,1.76
GRASS,14.08,20.4,1.8399999
GRASS,14.08,20.4,1.92
GRASS,14.08,20.4,2.0
GRASS,14.08,20.4,2.08
GRASS,14.08,20.4,2.1599998
GRASS,14.08,20.4,2.24
GRASS,14.08,20.4,2.32
GRASS,14.08,20.4,2.4
GRASS,14.08,20.4,2.48
GRASS,14.16,20.4,1.28
GRASS,14.16,20.4,1.36
GRASS,14.16,20.4,1.4399999
GRASS,14.16,20.4,1.52
GRASS,14.16,20.4,1.5999999
STONE,14.16,20.4,1.68
GRASS,14.16,20.32,1.68
GRASS,14.16,20.4,1.76
GRASS,14.16,20.4,1.8399999
GRASS,14.16,20.4,1.92
GRASS,14.16,20.4,2.0
GRASS,14.16,20.4,2.08
GRASS,14.16,20.4,2.1599998
GRASS,14.16,20.4,2.24
GRASS,14.16,20.4,2.32
GRASS,14.16,20.4,2.4
GRASS,14.16,20.4,2.48
GRASS,14.24,20.4,1.28
GRASS,14.24,20.4,1.36
GRASS,14.24,20.4,1.4399999
GRASS,14.24,20.4,1.52
GRASS,14.24,20.4,1.5999999
GRASS,14.24,20.4,1.68
GRASS,14.24,20.4,1.76
GRASS,14.24,20.4,1.8399999
GRASS,14.24,20.4,1.92
GRASS,14.24,20.4,2.0
GRASS,14.24,20.4,2.08
GRASS,14.24,20.4,2.1599998
GRASS,14.24,20.4,2.24
GRASS,14.24,20.4,2.32
GRASS,14.24,20.4,2.4
GRASS,14.24,20.4,2.48
GRASS,14.32,20.4,1.28
GRASS,14.32,20.4,1.36
GRASS,14.32,20.4,1.4399999
GRASS,14.32,20.4,1.52
GRASS,14.32,20.4,1.5999999
GRASS,14.32,20.4,1.68
GRASS,14.32,20.4,1.76
GRASS,14.32,20.4,1.8399999
GRASS,14.32,20.4,1.92
GRASS,14.32,20.4,2.0
STONE,14.32,20.4,2.08
GRASS,14.32,20.32,2.08
GRASS,14.32,20.4,2.1599998
GRASS,14.32,20.4,2.24
GRASS,14.32,20.4,2.32
GRASS,14.32,20.4,2.4
GRASS,14.32,20.4,2.48
GRASS,14.4,20.4,1.28
GRASS,14.4,20.4,1.36
GRASS,14.4,20.4,1.4399999
GRASS,14.4,20.4,1.52
GRASS,14.4,20.4,1.5999999
GRASS,14.4,20.4,1.68
GRASS,14.4,20.4,1.76
GRASS,14.4,20.4,1.8399999
GRASS,14.4,20.4,1.92
STONE,14.4,20.4,2.0
GRASS,14.4,20.32,2.0
STONE,14.4,20.4,2.08
GRASS,14.4,20.32,2.08
STONE,14.4,20.4,2.1599998
GRASS,14.4,20.32,2.1599998
GRASS,14.4,20.4,2.24
GRASS,14.4,20.4,2.32
GRASS,14.4,20.4,2.4
GRASS,14.4,20.4,2.48
GRASS,14.48,20.4,1.28
GRASS,14.48,20.4,1.36
GRASS,14.48,20.4,1.4399999
GRASS,14.48,20.4,1.52
GRASS,14.48,20.4,1.5999999
GRASS,14.48,20.4,1.68
GRASS,14.48,20.4,1.76
GRASS,14.48,20.4,1.8399999
GRASS,14.48,20.4,1.92
GRASS,14.48,20.4,2.0
STONE,14.48,20.4,2.08
GRASS,14.48,20.32,2.08
GRASS,14.48,20.4,2.1599998
GRASS,14.48,20.4,2.24
GRASS,14.48,20.4,2.32
GRASS,14.48,20.4,2.4
STONE,14.48,20.4,2.48
GRASS,14.48,20.32,2.48
GRASS,14.559999,20.4,1.28
GRASS,14.559999,20.4,1.36
GRASS,14.559999,20.4,1.4399999
GRASS,14.559999,20.4,1.52
GRASS,14.559999,20.4,1.5999999
GRASS,14.559999,20.4,1.68
GRASS,14.559999,20.4,1.76
GRASS,14.559999,20.4,1.8399999
LOG,14.559999,20.32,1.92
LOG,14.559999,20.24,1.92
LOG,14.559999,20.16,1.92
LOG,14.559999,20.08,1.92
LOG,14.559999,20.0,1.92
LEAF,14.559999,19.92,1.92
LEAF,14.48,20.0,1.92
LEAF,14.639999,20.0,1.92
LEAF,14.559999,20.0,1.8399999
LEAF,14.559999,20.0,2.0
DIRT,14.559999,20.4,1.92
GRASS,14.559999,20.4,2.0
GRASS,14.559999,20.4,2.08
GRASS,14.559999,20.4,2.1599998
GRASS,14.559999,20.4,2.24
GRASS,14.559999,20.4,2.32
GRASS,14.559999,20.4,2.4
GRASS,14.559999,20.4,2.48
GRASS,14.64,20.4,1.28
GRASS,14.64,20.4,1.36
GRASS,14.64,20.4,1.4399999
GRASS,14.64,20.4,1.52
GRASS,14.64,20.4,1.5999999
GRASS,14.64,20.4,1.68
GRASS,14.64,20.4,1.76
GRASS,14.64,20.4,1.8399999
GRASS,14.64,20.4,1.92
GRASS,14.64,20.4,2.0
GRASS,14.64,20.4,2.08
GRASS,14.64,20.4,2.1599998
GRASS,14.64,20.4,2.24
GRASS,14.64,20.4,2.32
GRASS,14.64,20.4,2.4
GRASS,14.64,20.4,2.48
GRASS,14.72,20.4,1.28
GRASS,14.72,20.4,1.36
GRASS,14.72,20.4,1.4399999
GRASS,14.72,20.4,1.52
GRASS,14.72,20.4,1.5999999
STONE,14.72,20.4,1.68
GRASS,14.72,20.32,1.68
LOG,14.72,20.32,1.76
LOG,14.72,20.24,1.76
LOG,14.72,20.16,1.76
LOG,14.72,20.08,1.76
LEAF,14.72,20.0,1.76
LEAF,14.64,20.08,1.76
LEAF,14.8,20.08,1.76
LEAF,14.72,20.08,1.68
LEAF,14.72,20.08,1.84
DIRT,14.72,20.4,1.76
GRASS,14.72,20.4,1.8399999
GRASS,14.72,20.4,1.92
STONE,14.72,20.4,2.0
GRASS,14.72,20.32,2.0
GRASS,14.72,20.4,2.08
GRASS,14.72,20.4,2.1599998
GRASS,14.72,20.4,2.24
GRASS,14.72,20.4,2.32
GRASS,14.72,20.4,2.4
GRASS,14.72,20.4,2.48
STONE,14.8,20.32,1.28
STONE,14.8,20.4,1.28
GRASS,14.8,20.24,1.28
GRASS,14.8,20.4,1.36
GRASS,14.8,20.4,1.4399999
GRASS,14.8,20.4,1.52
STONE,14.8,20.4,1.5999999
GRASS,14.8,20.32,1.5999999
STONE,14.8,20.4,1.68
GRASS,14.8,20.32,1.68
STONE,14.8,20.4,1.76
GRASS,14.8,20.32,1.76
GRASS,14.8,20.4,1.8399999
STONE,14.8,20.4,1.92
GRASS,14.8,20.32,1.92
STONE,14.8,20.4,2.0
GRASS,14.8,20.32,2.0
STONE,14.8,20.4,2.08
GRASS,14.8,20.32,2.08
GRASS,14.8,20.4,2.1599998
GRASS,14.8,20.4,2.24
GRASS,14.8,20.4,2.32
GRASS,14.8,20.4,2.4
GRASS,14.8,20.4,2.48
STONE,14.88,20.32,1.28
STONE,14.88,20.4,1.28
GRASS,14.88,20.24,1.28
STONE,14.88,20.32,1.36
STONE,14.88,20.4,1.36
GRASS,14.88,20.24,1.36
GRASS,14.88,20.4,1.4399999
GRASS,14.88,20.4,1.52
GRASS,14.88,20.4,1.5999999
STONE,14.88,20.4,1.68
GRASS,14.88,20.32,1.68
GRASS,14.88,20.4,1.76
STONE,14.88,20.4,1.8399999
GRASS,14.88,20.32,1.8399999
STONE,14.88,20.4,1.92
GRASS,14.88,20.32,1.92
STONE,14.88,20.32,2.0
STONE,14.88,20.4,2.0
GRASS,14.88,20.24,2.0
STONE,14.88,20.4,2.08
GRASS,14.88,20.32,2.08
STONE,14.88,20.4,2.1599998
GRASS,14.88,20.32,2.1599998
GRASS,14.88,20.4,2.24
GRASS,14.88,20.4,2.32
GRASS,14.88,20.4,2.4
GRASS,14.88,20.4,2.48
STONE,14.96,20.32,1.28
STONE,14.96,20.4,1.28
GRASS,14.96,20.24,1.28
STONE,14.96,20.32,1.36
STONE,14.96,20.4,1.36
GRASS,14.96,20.24,1.36
STONE,14.96,20.32,1.4399999
STONE,14.96,20.4,1.4399999
GRASS,14.96,20.24,1.4399999
GRASS,14.96,20.4,1.52
GRASS,14.96,20.4,1.5999999
GRASS,14.96,20.4,1.68
GRASS,14.96,20.4,1.76
GRASS,14.96,20.4,1.8399999
STONE,14.96,20.4,1.92
GRASS,14.96,20.32,1.92
STONE,14.96,20.4,2.0
GRASS,14.96,20.32,2.0
STONE,14.96,20.4,2.08
GRASS,14.96,20.32,2.08
GRASS,14.96,20.4,2.1599998
GRASS,14.96,20.4,2.24
GRASS,14.96,20.4,2.32
GRASS,14.96,20.4,2.4
GRASS,14.96,20.4,2.48
STONE,15.04,20.32,1.28
STONE,15.04,20.4,1.28
GRASS,15.04,20.24,1.28
STONE,15.04,20.32,1.36
STONE,15.04,20.4,1.36
GRASS,15.04,20.24,1.36
GRASS,15.04,20.4,1.4399999
GRASS,15.04,20.4,1.52
GRASS,15.04,20.4,1.5999999
GRASS,15.04,20.4,1.68
GRASS,15.04,20.4,1.76
GRASS,15.04,20.4,1.8399999
GRASS,15.04,20.4,1.92
STONE,15.04,20.4,2.0
GRASS,15.04,20.32,2.0
GRASS,15.04,20.4,2.08
GRASS,15.04,20.4,2.1599998
LOG,15.04,20.32,2.24
LOG,15.04,20.24,2.24
LOG,15.04,20.16,2.24
LOG,15.04,20.08,2.24
LOG,15.04,20.0,2.24
LEAF,15.04,19.92,2.24
LEAF,14.96,20.0,2.24
LEAF,15.12,20.0,2.24
LEAF,15.04,20.0,2.16
LEAF,15.04,20.0,2.32
DIRT,15.04,20.4,2.24
GRASS,15.04,20.4,2.32
GRASS,15.04,20.4,2.4
GRASS,15.04,20.4,2.48
STONE,15.12,20.4,1.28
GRASS,15.12,20.32,1.28
GRASS,15.12,20.4,1.36
GRASS,15.12,20.4,1.4399999
GRASS,15.12,20.4,1.52
GRASS,15.12,20.4,1.5999999
GRASS,15.12,20.4,1.68
GRASS,15.12,20.4,1.76
GRASS,15.12,20.4,1.8399999
GRASS,15.12,20.4,1.92
GRASS,15.12,20.4,2.0
GRASS,15.12,20.4,2.08
GRASS,15.12,20.4,2.1599998
GRASS,15.12,20.4,2.24
GRASS,15.12,20.4,2.32
GRASS,15.12,20.4,2.4
GRASS,15.12,20.4,2.48
STONE,15.2,20.4,1.28
GRASS,15.2,20.32,1.28
STONE,15.2,20.4,1.36
GRASS,15.2,20.32,1.36
GRASS,15.2,20.4,1.4399999
STONE,15.2,20.4,1.52
GRASS,15.2,20.32,1.52
GRASS,15.2,20.4,1.5999999
GRASS,15.2,20.4,1.68
GRASS,15.2,20.4,1.76
GRASS,15.2,20.4,1.8399999
GRASS,15.2,20.4,1.92
GRASS,15.2,20.4,2.0
GRASS,15.2,20.4,2.08
GRASS,15.2,20.4,2.1599998
GRASS,15.2,20.4,2.24
GRASS,15.2,20.4,2.32
GRASS,15.2,20.4,2.4
GRASS,15.2,20.4,2.48
STONE,15.28,20.4,1.28
GRASS,15.28,20.32,1.28
GRASS,15.28,20.4,1.36
STONE,15.28,20.4,1.4399999
GRASS,15.28,20.32,1.4399999
STONE,15.28,20.4,1.52
GRASS,15.28,20.32,1.52
STONE,15.28,20.4,1.5999999
GRASS,15.28,20.32,1.5999999
GRASS,15.28,20.4,1.68
GRASS,15.28,20.4,1.76
GRASS,15.28,20.4,1.8399999
GRASS,15.28,20.4,1.92
GRASS,15.28,20.4,2.0
GRASS,15.28,20.4,2.08
GRASS,15.28,20.4,2.1599998
GRASS,15.28,20.4,2.24
GRASS,15.28,20.4,2.32
GRASS,15.28,20.4,2.4
GRASS,15.28,20.4,2.48
