GRASS,15.36,20.4,10.24
GRASS,15.36,20.4,10.32
GRASS,15.36,20.4,10.4
GRASS,15.36,20.4,10.48
GRASS,15.36,20.4,10.559999
GRASS,15.36,20.4,10.639999
GRASS,15.36,20.4,10.719999
GRASS,15.36,20.4,10.8
GRASS,15.36,20.4,10.88
GRASS,15.36,20.4,10.96
STONE,15.36,20.4,11.04
GRASS,15.36,20.32,11.04
GRASS,15.36,20.4,11.12
GRASS,15.36,20.4,11.2
GRASS,15.36,20.4,11.28
GRASS,15.36,20.4,11.36
GRASS,15.36,20.4,11.44
GRASS,15.44,20.4,10.24
GRASS,15.44,20.4,10.32
GRASS,15.44,20.4,10.4
GRASS,15.44,20.4,10.48
GRASS,15.44,20.4,10.559999
GRASS,15.44,20.4,10.639999
GRASS,15.44,20.4,10.719999
GRASS,15.44,20.4,10.8
GRASS,15.44,20.4,10.88
GRASS,15.44,20.4,10.96
GRASS,15.44,20.4,11.04
GRASS,15.44,20.4,11.12
GRASS,15.44,20.4,11.2
GRASS,15.44,20.4,11.28
GRASS,15.44,20.4,11.36
GRASS,15.44,20.4,11.44
GRASS,15.5199995,20.4,10.24
GRASS,15.5199995,20.4,10.32
GRASS,15.5199995,20.4,10.4
GRASS,15.5199995,20.4,10.48
GRASS,15.5199995,20.4,10.559999
GRASS,15.5199995,20.4,10.639999
GRASS,15.5199995,20.4,10.719999
GRASS,15.5199995,20.4,10.8
GRASS,15.5199995,20.4,10.88
GRASS,15.5199995,20.4,10.96
GRASS,15.5199995,20.4,11.04
GRASS,15.5199995,20.4,11.12
GRASS,15.5199995,20.4,11.2
GRASS,15.5199995,20.4,11.28
GRASS,15.5199995,20.4,11.36
GRASS,15.5199995,20.4,11.44
GRASS,15.599999,20.4,10.24
GRASS,15.599999,20.4,10.32
GRASS,15.599999,20.4,10.4
GRASS,15.599999,20.4,10.48
STONE,15.599999,20.4,10.559999
GRASS,15.599999,20.32,10.559999
GRASS,15.599999,20.4,10.639999
GRASS,15.599999,20.4,10.719999
GRASS,15.599999,20.4,10.8
GRASS,15.599999,20.4,10.88
GRASS,15.599999,20.4,10.96
GRASS,15.599999,20.4,11.04
GRASS,15.599999,20.4,11.12
GRASS,15.599999,20.4,11.2
GRASS,15.599999,20.4,11.28
GRASS,15.599999,20.4,11.36
GRASS,15.599999,20.4,11.44
GRASS,15.679999,20.4,10.24
GRASS,15.679999,20.4,10.32
GRASS,15.679999,20.4,10.4
STONE,15.679999,20.4,10.48
GRASS,15.679999,20.32,10.48
STONE,15.679999,20.4,10.559999
GRASS,15.679999,20.32,10.559999
STONE,15.679999,20.4,10.639999
GRASS,15.679999,20.32,10.639999
GRASS,15.679999,20.4,10.719999
GRASS,15.679999,20.4,10.8
GRASS,15.679999,20.4,10.88
GRASS,15.679999,20.4,10.96
GRASS,15.679999,20.4,11.04
GRASS,15.679999,20.4,11.12
GRASS,15.679999,20.4,11.2
GRASS,15.679999,20.4,11.28
GRASS,15.679999,20.4,11.36
GRASS,15.679999,20.4,11.44
GRASS,15.759999,20.4,10.24
GRASS,15.759999,20.4,10.32
GRASS,15.759999,20.4,10.4
GRASS,15.759999,20.4,10.48
STONE,15.759999,20.4,10.559999
GRASS,15.759999,20.32,10.559999
STONE,15.759999,20.4,10.639999
GRASS,15.759999,20.32,10.639999
STONE,15.759999,20.4,10.719999
GRASS,15.759999,20.32,10.719999
GRASS,15.759999,20.4,10.8
GRASS,15.759999,20.4,10.88
GRASS,15.759999,20.4,10.96
GRASS,15.759999,20.4,11.04
GRASS,15.759999,20.4,11.12
GRASS,15.759999,20.4,11.2
GRASS,15.759999,20.4,11.28
GRASS,15.759999,20.4,11.36
GRASS,15.759999,20.4,11.44
GRASS,15.839999,20.4,10.24
GRASS,15.839999,20.4,10.32
GRASS,15.839999,20.4,10.4
STONE,15.839999,20.4,10.48
GRASS,15.839999,20.32,10.48
STONE,15.839999,20.4,10.559999
GRASS,15.839999,20.32,10.559999
STONE,15.839999,20.32,10.639999
STONE,15.839999,20.4,10.639999
GRASS,15.839999,20.24,10.639999
STONE,15.839999,20.4,10.719999
GRASS,15.839999,20.32,10.719999
STONE,15.839999,20.4,10.8
GRASS,15.839999,20.32,10.8
GRASS,15.839999,20.4,10.88
GRASS,15.839999,20.4,10.96
GRASS,15.839999,20.4,11.04
GRASS,15.839999,20.4,11.12
GRASS,15.839999,20.4,11.2
GRASS,15.839999,20.4,11.28
GRASS,15.839999,20.4,11.36
GRASS,15.839999,20.4,11.44
GRASS,15.92,20.4,10.24
GRASS,15.92,20.4,10.32
GRASS,15.92,20.4,10.4
GRASS,15.92,20.4,10.48
STONE,15.92,20.4,10.559999
GRASS,15.92,20.32,10.559999
STONE,15.92,20.4,10.639999
GRASS,15.92,20.32,10.639999
STONE,15.92,20.4,10.719999
GRASS,15.92,20.32,10.719999
GRASS,15.92,20.4,10.8
GRASS,15.92,20.4,10.88
GRASS,15.92,20.4,10.96
GRASS,15.92,20.4,11.04
GRASS,15.92,20.4,11.12
GRASS,15.92,20.4,11.2
GRASS,15.92,20.4,11.28
GRASS,15.92,20.4,11.36
GRASS,15.92,20.4,11.44
GRASS,16.0,20.4,10.24
GRASS,16.0,20.4,10.32
GRASS,16.0,20.4,10.4
GRASS,16.0,20.4,10.48
GRASS,16.0,20.4,10.559999
STONE,16.0,20.4,10.639999
GRASS,16.0,20.32,10.639999
GRASS,16.0,20.4,10.719999
GRASS,16.0,20.4,10.8
LOG,16.0,20.32,10.88
LOG,16.0,20.24,10.88
LOG,16.0,20.16,10.88
LOG,16.0,20.08,10.88
LOG,16.0,20.0,10.88
LEAF,16.0,19.92,10.88
LEAF,15.92,20.0,10.88
LEAF,16.08,20.0,10.88
LEAF,16.0,20.0,10.8
LEAF,16.0,20.0,10.96
DIRT,16.0,20.4,10.88
GRASS,16.0,20.4,10.96
GRASS,16.0,20.4,11.04
GRASS,16.0,20.4,11.12
GRASS,16.0,20.4,11.2
GRASS,16.0,20.4,11.28
GRASS,16.0,20.4,11.36
GRASS,16.0,20.4,11.44
GRASS,16.08,20.4,10.24
STONE,16.08,20.4,10.32
GRASS,16.08,20.32,10.32
GRASS,16.08,20.4,10.4
GRASS,16.08,20.4,10.48
GRASS,16.08,20.4,10.559999
GRASS,16.08,20.4,10.639999
GRASS,16.08,20.4,10.719999
LOG,16.08,20.32,10.8
LOG,16.08,20.24,10.8
LOG,16.08,20.16,10.8
LOG,16.08,20.08,10.8
LEAF,16.08,20.0,10.8
LEAF,16.0,20.08,10.8
LEAF,16.16,20.08,10.8
LEAF,16.08,20.08,10.72
LEAF,16.08,20.08,10.88
DIRT,16.08,20.4,10.8
GRASS,16.08,20.4,10.88
GRASS,16.08,20.4,10.96
GRASS,16.08,20.4,11.04
GRASS,16.08,20.4,11.12
GRASS,16.08,20.4,11.2
GRASS,16.08,20.4,11.28
GRASS,16.08,20.4,11.36
GRASS,16.08,20.4,11.44
STONE,16.16,20.4,10.24
GRASS,16.16,20.32,10.24
STONE,16.16,20.4,10.32
GRASS,16.16,20.32,10.32
STONE,16.16,20.4,10.4
GRASS,16.16,20.32,10.4
GRASS,16.16,20.4,10.48
GRASS,16.16,20.4,10.559999
GRASS,16.16,20.4,10.639999
GRASS,16.16,20.4,10.719999
GRASS,16.16,20.4,10.8
GRASS,16.16,20.4,10.88
GRASS,16.16,20.4,10.96
GRASS,16.16,20.4,11.04
GRASS,16.16,20.4,11.12
GRASS,16.16,20.4,11.2
GRASS,16.16,20.4,11.28
GRASS,16.16,20.4,11.36
GRASS,16.16,20.4,11.44
GRASS,16.24,20.4,10.24
STONE,16.24,20.4,10.32
GRASS,16.24,20.32,10.32
GRASS,16.24,20.4,10.4
GRASS,16.24,20.4,10.48
GRASS,16.24,20.4,10.559999
GRASS,16.24,20.4,10.639999
GRASS,16.24,20.4,10.719999
GRASS,16.24,20.4,10.8
GRASS,16.24,20.4,10.88
GRASS,16.24,20.4,10.96
GRASS,16.24,20.4,11.04
GRASS,16.24,20.4,11.12
GRASS,16.24,20.4,11.2
GRASS,16.24,20.4,11.28
GRASS,16.24,20.4,11.36
GRASS,16.24,20.4,11.44
GRASS,16.32,20.4,10.24
GRASS,16.32,20.4,10.32
GRASS,16.32,20.4,10.4
GRASS,16.32,20.4,10.48
GRASS,16.32,20.4,10.559999
GRASS,16.32,20.4,10.639999
GRASS,16.32,20.4,10.719999
GRASS,16.32,20.4,10.8
GRASS,16.32,20.4,10.88
GRASS,16.32,20.4,10.96
GRASS,16.32,20.4,11.04
GRASS,16.32,20.4,11.12
GRASS,16.32,20.4,11.2
GRASS,16.32,20.4,11.28
GRASS,16.32,20.4,11.36
GRASS,16.32,20.4,11.44
GRASS,16.4,20.4,10.24
GRASS,16.4,20.4,10.32
GRASS,16.4,20.4,10.4
GRASS,16.4,20.4,10.48
GRASS,16.4,20.4,10.559999
GRASS,16.4,20.4,10.639999
GRASS,16.4,20.4,10.719999
GRASS,16.4,20.4,10.8
GRASS,16.4,20.4,10.88
GRASS,16.4,20.4,10.96
GRASS,16.4,20.4,11.04
GRASS,16.4,20.4,11.12
GRASS,16.4,20.4,11.2
GRASS,16.4,20.4,11.28
GRASS,16.4,20.4,11.36
GRASS,16.4,20.4,11.44
GRASS,16.48,20.4,10.24
GRASS,16.48,20.4,10.32
GRASS,16.48,20.4,10.4
GRASS,16.48,20.4,10.48
GRASS,16.48,20.4,10.559999
GRASS,16.48,20.4,10.639999
GRASS,16.48,20.4,10.719999
GRASS,16.48,20.4,10.8
GRASS,16.48,20.4,10.88
GRASS,16.48,20.4,10.96
GRASS,16.48,20.4,11.04
GRASS,16.48,20.4,11.12
GRASS,16.48,20.4,11.2
GRASS,16.48,20.4,11.28
GRASS,16.48,20.4,11.36
GRASS,16.48,20.4,11.44
GRASS,16.56,20.4,10.24
GRASS,16.56,20.4,10.32
GRASS,16.56,20.4,10.4
GRASS,16.56,20.4,10.48
GRASS,16.56,20.4,10.559999
GRASS,16.56,20.4,10.639999
GRASS,16.56,20.4,10.719999
GRASS,16.56,20.4,10.8
GRASS,16.56,20.4,10.88
GRASS,16.56,20.4,10.96
STONE,16.56,20.4,11.04
GRASS,16.56,20.32,11.04
GRASS,16.56,20.4,11.12
GRASS,16.56,20.4,11.2
STONE,16.56,20.4,11.28
GRASS,16.56,20.32,11.28
GRASS,16.56,20.4,11.36
GRASS,16.56,20.4,11.44
