GRASS,15.36,20.4,11.5199995
GRASS,15.36,20.4,11.599999
GRASS,15.36,20.4,11.679999
GRASS,15.36,20.4,11.759999
GRASS,15.36,20.4,11.839999
GRASS,15.36,20.4,11.919999
GRASS,15.36,20.4,11.999999
GRASS,15.36,20.4,12.08
GRASS,15.36,20.4,12.16
GRASS,15.36,20.4,12.24
GRASS,15.36,20.4,12.32
GRASS,15.36,20.4,12.4
GRASS,15.36,20.4,12.48
GRASS,15.36,20.4,12.559999
GRASS,15.36,20.4,12.639999
GRASS,15.36,20.4,12.719999
GRASS,15.44,20.4,11.5199995
GRASS,15.44,20.4,11.599999
GRASS,15.44,20.4,11.679999
GRASS,15.44,20.4,11.759999
GRASS,15.44,20.4,11.839999
GRASS,15.44,20.4,11.919999
GRASS,15.44,20.4,11.999999
GRASS,15.44,20.4,12.08
GRASS,15.44,20.4,12.16
GRASS,15.44,20.4,12.24
BIRCH_LOG,15.44,20.32,12.32
BIRCH_LOG,15.44,20.24,12.32
BIRCH_LOG,15.44,20.16,12.32
BIRCH_LOG,15.44,20.08,12.32
LEAF,15.44,20.0,12.32
LEAF,15.5199995,20.08,12.32
LEAF,15.44,20.08,12.24
LEAF,15.44,20.08,12.4
DIRT,15.44,20.4,12.32
GRASS,15.44,20.4,12.4
STONE,15.44,20.4,12.48
GRASS,15.44,20.32,12.48
GRASS,15.44,20.4,12.559999
GRASS,15.44,20.4,12.639999
GRASS,15.44,20.4,12.719999
GRASS,15.5199995,20.4,11.5199995
GRASS,15.5199995,20.4,11.599999
GRASS,15.5199995,20.4,11.679999
GRASS,15.5199995,20.4,11.759999
GRASS,15.5199995,20.4,11.839999
GRASS,15.5199995,20.4,11.919999
GRASS,15.5199995,20.4,11.999999
GRASS,15.5199995,20.4,12.08
GRASS,15.5199995,20.4,12.16
GRASS,15.5199995,20.4,12.24
GRASS,15.5199995,20.4,12.32
STONE,15.5199995,20.4,12.4
GRASS,15.5199995,20.32,12.4
STONE,15.5199995,20.4,12.48
GRASS,15.5199995,20.32,12.48
STONE,15.5199995,20.4,12.559999
GRASS,15.5199995,20.32,12.559999
GRASS,15.5199995,20.4,12.639999
STONE,15.5199995,20.4,12.719999
GRASS,15.5199995,20.32,12.719999
GRASS,15.599999,20.4,11.5199995
GRASS,15.599999,20.4,11.599999
GRASS,15.599999,20.4,11.679999
GRASS,15.599999,20.4,11.759999
GRASS,15.599999,20.4,11.839999
GRASS,15.599999,20.4,11.919999
GRASS,15.599999,20.4,11.999999
GRASS,15.599999,20.4,12.08
GRASS,15.599999,20.4,12.16
GRASS,15.599999,20.4,12.24
GRASS,15.599999,20.4,12.32
GRASS,15.599999,20.4,12.4
STONE,15.599999,20.4,12.48
GRASS,15.599999,20.32,12.48
GRASS,15.599999,20.4,12.559999
STONE,15.599999,20.4,12.639999
GRASS,15.599999,20.32,12.639999
STONE,15.599999,20.4,12.719999
GRASS,15.599999,20.32,12.719999
GRASS,15.679999,20.4,11.5199995
GRASS,15.679999,20.4,11.599999
GRASS,15.679999,20.4,11.679999
GRASS,15.679999,20.4,11.759999
GRASS,15.679999,20.4,11.839999
GRASS,15.679999,20.4,11.919999
GRASS,15.679999,20.4,11.999999
GRASS,15.679999,20.4,12.08
GRASS,15.679999,20.4,12.16
GRASS,15.679999,20.4,12.24
GRASS,15.679999,20.4,12.32
GRASS,15.679999,20.4,12.4
GRASS,15.679999,20.4,12.48
GRASS,15.679999,20.4,12.559999
GRASS,15.679999,20.4,12.639999
STONE,15.679999,20.4,12.719999
GRASS,15.679999,20.32,12.719999
GRASS,15.759999,20.4,11.5199995
GRASS,15.759999,20.4,11.599999
GRASS,15.759999,20.4,11.679999
GRASS,15.759999,20.4,11.759999
GRASS,15.759999,20.4,11.839999
GRASS,15.759999,20.4,11.919999
GRASS,15.759999,20.4,11.999999
GRASS,15.759999,20.4,12.08
GRASS,15.759999,20.4,12.16
GRASS,15.759999,20.4,12.24
GRASS,15.759999,20.4,12.32
GRASS,15.759999,20.4,12.4
GRASS,15.759999,20.4,12.48
GRASS,15.759999,20.4,12.559999
GRASS,15.759999,20.4,12.639999
GRASS,15.759999,20.4,12.719999
GRASS,15.839999,20.4,11.5199995
GRASS,15.839999,20.4,11.599999
GRASS,15.839999,20.4,11.679999
GRASS,15.839999,20.4,11.759999
GRASS,15.839999,20.4,11.839999
GRASS,15.839999,20.4,11.919999
GRASS,15.839999,20.4,11.999999
GRASS,15.839999,20.4,12.08
GRASS,15.839999,20.4,12.16
GRASS,15.839999,20.4,12.24
GRASS,15.839999,20.4,12.32
GRASS,15.839999,20.4,12.4
GRASS,15.839999,20.4,12.48
GRASS,15.839999,20.4,12.559999
GRASS,15.839999,20.4,12.639999
GRASS,15.839999,20.4,12.719999
GRASS,15.92,20.4,11.5199995
GRASS,15.92,20.4,11.599999
GRASS,15.92,20.4,11.679999
GRASS,15.92,20.4,11.759999
GRASS,15.92,20.4,11.839999
GRASS,15.92,20.4,11.919999
GRASS,15.92,20.4,11.999999
GRASS,15.92,20.4,12.08
GRASS,15.92,20.4,12.16
GRASS,15.92,20.4,12.24
GRASS,15.92,20.4,12.32
GRASS,15.92,20.4,12.4
GRASS,15.92,20.4,12.48
GRASS,15.92,20.4,12.559999
GRASS,15.92,20.4,12.639999
GRASS,15.92,20.4,12.719999
GRASS,16.0,20.4,11.5199995
GRASS,16.0,20.4,11.599999
GRASS,16.0,20.4,11.679999
GRASS,16.0,20.4,11.759999
GRASS,16.0,20.4,11.839999
GRASS,16.0,20.4,11.919999
GRASS,16.0,20.4,11.999999
GRASS,16.0,20.4,12.08
GRASS,16.0,20.4,12.16
GRASS,16.0,20.4,12.24
GRASS,16.0,20.4,12.32
GRASS,16.0,20.4,12.4
GRASS,16.0,20.4,12.48
GRASS,16.0,20.4,12.559999
GRASS,16.0,20.4,12.639999
GRASS,16.0,20.4,12.719999
GRASS,16.08,20.4,11.5199995
GRASS,16.08,20.4,11.599999
GRASS,16.08,20.4,11.679999
GRASS,16.08,20.4,11.759999
GRASS,16.08,20.4,11.839999
GRASS,16.08,20.4,11.919999
GRASS,16.08,20.4,11.999999
GRASS,16.08,20.4,12.08
GRASS,16.08,20.4,12.16
GRASS,16.08,20.4,12.24
GRASS,16.08,20.4,12.32
GRASS,16.08,20.4,12.4
GRASS,16.08,20.4,12.48
GRASS,16.08,20.4,12.559999
GRASS,16.08,20.4,12.639999
GRASS,16.08,20.4,12.719999
GRASS,16.16,20.4,11.5199995
GRASS,16.16,20.4,11.599999
GRASS,16.16,20.4,11.679999
GRASS,16.16,20.4,11.759999
GRASS,16.16,20.4,11.839999
GRASS,16.16,20.4,11.919999
GRASS,16.16,20.4,11.999999
GRASS,16.16,20.4,12.08
GRASS,16.16,20.4,12.16
STONE,16.16,20.4,12.24
GRASS,16.16,20.32,12.24
GRASS,16.16,20.4,12.32
GRASS,16.16,20.4,12.4
GRASS,16.16,20.4,12.48
GRASS,16.16,20.4,12.559999
GRASS,16.16,20.4,12.639999
GRASS,16.16,20.4,12.719999
GRASS,16.24,20.4,11.5199995
GRASS,16.24,20.4,11.599999
GRASS,16.24,20.4,11.679999
GRASS,16.24,20.4,11.759999
GRASS,16.24,20.4,11.839999
GRASS,16.24,20.4,11.919999
GRASS,16.24,20.4,11.999999
GRASS,16.24,20.4,12.08
GRASS,16.24,20.4,12.16
GRASS,16.24,20.4,12.24
GRASS,16.24,20.4,12.32
GRASS,16.24,20.4,12.4
GRASS,16.24,20.4,12.48
GRASS,16.24,20.4,12.559999
GRASS,16.24,20.4,12.639999
STONE,16.24,20.4,12.719999
GRASS,16.24,20.32,12.719999
GRASS,16.32,20.4,11.5199995
GRASS,16.32,20.4,11.599999
BIRCH_LOG,16.32,20.32,11.679999
BIRCH_LOG,16.32,20.24,11.679999
BIRCH_LOG,16.32,20.16,11.679999
BIRCH_LOG,16.32,20.08,11.679999
LEAF,16.32,20.0,11.679999
LEAF,16.24,20.08,11.679999
LEAF,16.4,20.08,11.679999
LEAF,16.32,20.08,11.599999
LEAF,16.32,20.08,11.759999
DIRT,16.32,20.4,11.679999
GRASS,16.32,20.4,11.759999
GRASS,16.32,20.4,11.839999
GRASS,16.32,20.4,11.919999
GRASS,16.32,20.4,11.999999
GRASS,16.32,20.4,12.08
GRASS,16.32,20.4,12.16
GRASS,16.32,20.4,12.24
GRASS,16.32,20.4,12.32
GRASS,16.32,20.4,12.4
GRASS,16.32,20.4,12.48
GRASS,16.32,20.4,12.559999
GRASS,16.32,20.4,12.639999
GRASS,16.32,20.4,12.719999
GRASS,16.4,20.4,11.5199995
GRASS,16.4,20.4,11.599999
GRASS,16.4,20.4,11.679999
GRASS,16.4,20.4,11.759999
GRASS,16.4,20.4,11.839999
GRASS,16.4,20.4,11.919999
GRASS,16.4,20.4,11.999999
GRASS,16.4,20.4,12.08
GRASS,16.4,20.4,12.16
GRASS,16.4,20.4,12.24
GRASS,16.4,20.4,12.32
GRASS,16.4,20.4,12.4
GRASS,16.4,20.4,12.48
GRASS,16.4,20.4,12.559999
GRASS,16.4,20.4,12.639999
GRASS,16.4,20.4,12.719999
GRASS,16.48,20.4,11.5199995
GRASS,16.48,20.4,11.599999
GRASS,16.48,20.4,11.679999
GRASS,16.48,20.4,11.759999
GRASS,16.48,20.4,11.839999
GRASS,16.48,20.4,11.919999
GRASS,16.48,20.4,11.999999
GRASS,16.48,20.4,12.08
GRASS,16.48,20.4,12.16
GRASS,16.48,20.4,12.24
GRASS,16.48,20.4,12.32
GRASS,16.48,20.4,12.4
GRASS,16.48,20.4,12.48
GRASS,16.48,20.4,12.559999
GRASS,16.48,20.4,12.639999
GRASS,16.48,20.4,12.719999
GRASS,16.56,20.4,11.5199995
GRASS,16.56,20.4,11.599999
GRASS,16.56,20.4,11.679999
GRASS,16.56,20.4,11.759999
GRASS,16.56,20.4,11.839999
GRASS,16.56,20.4,11.919999
GRASS,16.56,20.4,11.999999
GRASS,16.56,20.4,12.08
GRASS,16.56,20.4,12.16
GRASS,16.56,20.4,12.24
GRASS,16.56,20.4,12.32
GRASS,16.56,20.4,12.4
GRASS,16.56,20.4,12.48
GRASS,16.56,20.4,12.559999
GRASS,16.56,20.4,12.639999
GRASS,16.56,20.4,12.719999
LEAF,16.64,20.0,12.639999
