GRASS,16.0,255.0,32.0
STONE,16.0,254.0,33.0
STONE,16.0,255.0,33.0
GRASS,16.0,253.0,33.0
STONE,16.0,254.0,34.0
STONE,16.0,255.0,34.0
GRASS,16.0,253.0,34.0
STONE,16.0,245.0,35.0
STONE,16.0,246.0,35.0
STONE,16.0,247.0,35.0
STONE,16.0,248.0,35.0
STONE,16.0,249.0,35.0
STONE,16.0,250.0,35.0
STONE,16.0,251.0,35.0
STONE,16.0,252.0,35.0
STONE,16.0,253.0,35.0
STONE,16.0,254.0,35.0
STONE,16.0,255.0,35.0
GRASS,16.0,244.0,35.0
STONE,16.0,245.0,36.0
STONE,16.0,246.0,36.0
STONE,16.0,247.0,36.0
STONE,16.0,248.0,36.0
STONE,16.0,249.0,36.0
STONE,16.0,250.0,36.0
STONE,16.0,251.0,36.0
STONE,16.0,252.0,36.0
STONE,16.0,253.0,36.0
STONE,16.0,254.0,36.0
STONE,16.0,255.0,36.0
GRASS,16.0,244.0,36.0
STONE,16.0,245.0,37.0
STONE,16.0,246.0,37.0
STONE,16.0,247.0,37.0
STONE,16.0,248.0,37.0
STONE,16.0,249.0,37.0
STONE,16.0,250.0,37.0
STONE,16.0,251.0,37.0
STONE,16.0,252.0,37.0
STONE,16.0,253.0,37.0
STONE,16.0,254.0,37.0
STONE,16.0,255.0,37.0
GRASS,16.0,244.0,37.0
STONE,16.0,245.0,38.0
STONE,16.0,246.0,38.0
STONE,16.0,247.0,38.0
STONE,16.0,248.0,38.0
STONE,16.0,249.0,38.0
STONE,16.0,250.0,38.0
STONE,16.0,251.0,38.0
STONE,16.0,252.0,38.0
STONE,16.0,253.0,38.0
STONE,16.0,254.0,38.0
STONE,16.0,255.0,38.0
GRASS,16.0,244.0,38.0
STONE,16.0,245.0,39.0
STONE,16.0,246.0,39.0
STONE,16.0,247.0,39.0
STONE,16.0,248.0,39.0
STONE,16.0,249.0,39.0
STONE,16.0,250.0,39.0
STONE,16.0,251.0,39.0
STONE,16.0,252.0,39.0
STONE,16.0,253.0,39.0
STONE,16.0,254.0,39.0
STONE,16.0,255.0,39.0
GRASS,16.0,244.0,39.0
STONE,16.0,245.0,40.0
STONE,16.0,246.0,40.0
STONE,16.0,247.0,40.0
STONE,16.0,248.0,40.0
STONE,16.0,249.0,40.0
STONE,16.0,250.0,40.0
STONE,16.0,251.0,40.0
STONE,16.0,252.0,40.0
STONE,16.0,253.0,40.0
STONE,16.0,254.0,40.0
STONE,16.0,255.0,40.0
GRASS,16.0,244.0,40.0
STONE,16.0,245.0,41.0
STONE,16.0,246.0,41.0
STONE,16.0,247.0,41.0
STONE,16.0,248.0,41.0
STONE,16.0,249.0,41.0
STONE,16.0,250.0,41.0
STONE,16.0,251.0,41.0
STONE,16.0,252.0,41.0
STONE,16.0,253.0,41.0
STONE,16.0,254.0,41.0
STONE,16.0,255.0,41.0
GRASS,16.0,244.0,41.0
STONE,16.0,245.0,42.0
STONE,16.0,246.0,42.0
STONE,16.0,247.0,42.0
STONE,16.0,248.0,42.0
STONE,16.0,249.0,42.0
STONE,16.0,250.0,42.0
STONE,16.0,251.0,42.0
STONE,16.0,252.0,42.0
STONE,16.0,253.0,42.0
STONE,16.0,254.0,42.0
STONE,16.0,255.0,42.0
GRASS,16.0,244.0,42.0
STONE,16.0,245.0,43.0
STONE,16.0,246.0,43.0
STONE,16.0,247.0,43.0
STONE,16.0,248.0,43.0
STONE,16.0,249.0,43.0
STONE,16.0,250.0,43.0
STONE,16.0,251.0,43.0
STONE,16.0,252.0,43.0
STONE,16.0,253.0,43.0
STONE,16.0,254.0,43.0
STONE,16.0,255.0,43.0
GRASS,16.0,244.0,43.0
STONE,16.0,245.0,44.0
STONE,16.0,246.0,44.0
STONE,16.0,247.0,44.0
STONE,16.0,248.0,44.0
STONE,16.0,249.0,44.0
STONE,16.0,250.0,44.0
STONE,16.0,251.0,44.0
STONE,16.0,252.0,44.0
STONE,16.0,253.0,44.0
STONE,16.0,254.0,44.0
STONE,16.0,255.0,44.0
GRASS,16.0,244.0,44.0
STONE,16.0,245.0,45.0
STONE,16.0,246.0,45.0
STONE,16.0,247.0,45.0
STONE,16.0,248.0,45.0
STONE,16.0,249.0,45.0
STONE,16.0,250.0,45.0
STONE,16.0,251.0,45.0
STONE,16.0,252.0,45.0
STONE,16.0,253.0,45.0
STONE,16.0,254.0,45.0
STONE,16.0,255.0,45.0
GRASS,16.0,244.0,45.0
STONE,16.0,245.0,46.0
STONE,16.0,246.0,46.0
STONE,16.0,247.0,46.0
STONE,16.0,248.0,46.0
STONE,16.0,249.0,46.0
STONE,16.0,250.0,46.0
STONE,16.0,251.0,46.0
STONE,16.0,252.0,46.0
STONE,16.0,253.0,46.0
STONE,16.0,254.0,46.0
STONE,16.0,255.0,46.0
GRASS,16.0,244.0,46.0
STONE,16.0,245.0,47.0
STONE,16.0,246.0,47.0
STONE,16.0,247.0,47.0
STONE,16.0,248.0,47.0
STONE,16.0,249.0,47.0
STONE,16.0,250.0,47.0
STONE,16.0,251.0,47.0
STONE,16.0,252.0,47.0
STONE,16.0,253.0,47.0
STONE,16.0,254.0,47.0
STONE,16.0,255.0,47.0
GRASS,16.0,244.0,47.0
GRASS,17.0,255.0,32.0
STONE,17.0,254.0,33.0
STONE,17.0,255.0,33.0
GRASS,17.0,253.0,33.0
STONE,17.0,254.0,34.0
STONE,17.0,255.0,34.0
GRASS,17.0,253.0,34.0
STONE,17.0,245.0,35.0
STONE,17.0,246.0,35.0
STONE,17.0,247.0,35.0
STONE,17.0,248.0,35.0
STONE,17.0,249.0,35.0
STONE,17.0,250.0,35.0
STONE,17.0,251.0,35.0
STONE,17.0,252.0,35.0
STONE,17.0,253.0,35.0
STONE,17.0,254.0,35.0
STONE,17.0,255.0,35.0
GRASS,17.0,244.0,35.0
STONE,17.0,245.0,36.0
STONE,17.0,246.0,36.0
STONE,17.0,247.0,36.0
STONE,17.0,248.0,36.0
STONE,17.0,249.0,36.0
STONE,17.0,250.0,36.0
STONE,17.0,251.0,36.0
STONE,17.0,252.0,36.0
STONE,17.0,253.0,36.0
STONE,17.0,254.0,36.0
STONE,17.0,255.0,36.0
GRASS,17.0,244.0,36.0
STONE,17.0,245.0,37.0
STONE,17.0,246.0,37.0
STONE,17.0,247.0,37.0
STONE,17.0,248.0,37.0
STONE,17.0,249.0,37.0
STONE,17.0,250.0,37.0
STONE,17.0,251.0,37.0
STONE,17.0,252.0,37.0
STONE,17.0,253.0,37.0
STONE,17.0,254.0,37.0
STONE,17.0,255.0,37.0
GRASS,17.0,244.0,37.0
STONE,17.0,245.0,38.0
STONE,17.0,246.0,38.0
STONE,17.0,247.0,38.0
STONE,17.0,248.0,38.0
STONE,17.0,249.0,38.0
STONE,17.0,250.0,38.0
STONE,17.0,251.0,38.0
STONE,17.0,252.0,38.0
STONE,17.0,253.0,38.0
STONE,17.0,254.0,38.0
STONE,17.0,255.0,38.0
GRASS,17.0,244.0,38.0
STONE,17.0,245.0,39.0
STONE,17.0,246.0,39.0
STONE,17.0,247.0,39.0
STONE,17.0,248.0,39.0
STONE,17.0,249.0,39.0
STONE,17.0,250.0,39.0
STONE,17.0,251.0,39.0
STONE,17.0,252.0,39.0
STONE,17.0,253.0,39.0
STONE,17.0,254.0,39.0
STONE,17.0,255.0,39.0
GRASS,17.0,244.0,39.0
STONE,17.0,245.0,40.0
STONE,17.0,246.0,40.0
STONE,17.0,247.0,40.0
STONE,17.0,248.0,40.0
STONE,17.0,249.0,40.0
STONE,17.0,250.0,40.0
STONE,17.0,251.0,40.0
STONE,17.0,252.0,40.0
STONE,17.0,253.0,40.0
STONE,17.0,254.0,40.0
STONE,17.0,255.0,40.0
GRASS,17.0,244.0,40.0
STONE,17.0,245.0,41.0
STONE,17.0,246.0,41.0
STONE,17.0,247.0,41.0
STONE,17.0,248.0,41.0
STONE,17.0,249.0,41.0
STONE,17.0,250.0,41.0
STONE,17.0,251.0,41.0
STONE,17.0,252.0,41.0
STONE,17.0,253.0,41.0
STONE,17.0,254.0,41.0
STONE,17.0,255.0,41.0
GRASS,17.0,244.0,41.0
STONE,17.0,245.0,42.0
STONE,17.0,246.0,42.0
STONE,17.0,247.0,42.0
STONE,17.0,248.0,42.0
STONE,17.0,249.0,42.0
STONE,17.0,250.0,42.0
STONE,17.0,251.0,42.0
STONE,17.0,252.0,42.0
STONE,17.0,253.0,42.0
STONE,17.0,254.0,42.0
STONE,17.0,255.0,42.0
GRASS,17.0,244.0,42.0
STONE,17.0,255.0,43.0
GRASS,17.0,254.0,43.0
STONE,17.0,245.0,44.0
STONE,17.0,246.0,44.0
STONE,17.0,247.0,44.0
STONE,17.0,248.0,44.0
STONE,17.0,249.0,44.0
STONE,17.0,250.0,44.0
STONE,17.0,251.0,44.0
STONE,17.0,252.0,44.0
STONE,17.0,253.0,44.0
STONE,17.0,254.0,44.0
STONE,17.0,255.0,44.0
GRASS,17.0,244.0,44.0
STONE,17.0,245.0,45.0
STONE,17.0,246.0,45.0
STONE,17.0,247.0,45.0
STONE,17.0,248.0,45.0
STONE,17.0,249.0,45.0
STONE,17.0,250.0,45.0
STONE,17.0,251.0,45.0
STONE,17.0,252.0,45.0
STONE,17.0,253.0,45.0
STONE,17.0,254.0,45.0
STONE,17.0,255.0,45.0
GRASS,17.0,244.0,45.0
STONE,17.0,245.0,46.0
STONE,17.0,246.0,46.0
STONE,17.0,247.0,46.0
STONE,17.0,248.0,46.0
STONE,17.0,249.0,46.0
STONE,17.0,250.0,46.0
STONE,17.0,251.0,46.0
STONE,17.0,252.0,46.0
STONE,17.0,253.0,46.0
STONE,17.0,254.0,46.0
STONE,17.0,255.0,46.0
GRASS,17.0,244.0,46.0
STONE,17.0,245.0,47.0
STONE,17.0,246.0,47.0
STONE,17.0,247.0,47.0
STONE,17.0,248.0,47.0
STONE,17.0,249.0,47.0
STONE,17.0,250.0,47.0
STONE,17.0,251.0,47.0
STONE,17.0,252.0,47.0
STONE,17.0,253.0,47.0
STONE,17.0,254.0,47.0
STONE,17.0,255.0,47.0
GRASS,17.0,244.0,47.0
STONE,18.0,254.0,32.0
STONE,18.0,255.0,32.0
GRASS,18.0,253.0,32.0
STONE,18.0,254.0,33.0
STONE,18.0,255.0,33.0
GRASS,18.0,253.0,33.0
STONE,18.0,254.0,34.0
STONE,18.0,255.0,34.0
GRASS,18.0,253.0,34.0
STONE,18.0,245.0,35.0
STONE,18.0,246.0,35.0
STONE,18.0,247.0,35.0
STONE,18.0,248.0,35.0
STONE,18.0,249.0,35.0
STONE,18.0,250.0,35.0
STONE,18.0,251.0,35.0
STONE,18.0,252.0,35.0
STONE,18.0,253.0,35.0
STONE,18.0,254.0,35.0
STONE,18.0,255.0,35.0
GRASS,18.0,244.0,35.0
STONE,18.0,245.0,36.0
STONE,18.0,246.0,36.0
STONE,18.0,247.0,36.0
STONE,18.0,248.0,36.0
STONE,18.0,249.0,36.0
STONE,18.0,250.0,36.0
STONE,18.0,251.0,36.0
STONE,18.0,252.0,36.0
STONE,18.0,253.0,36.0
STONE,18.0,254.0,36.0
STONE,18.0,255.0,36.0
GRASS,18.0,244.0,36.0
STONE,18.0,245.0,37.0
STONE,18.0,246.0,37.0
STONE,18.0,247.0,37.0
STONE,18.0,248.0,37.0
STONE,18.0,249.0,37.0
STONE,18.0,250.0,37.0
STONE,18.0,251.0,37.0
STONE,18.0,252.0,37.0
STONE,18.0,253.0,37.0
STONE,18.0,254.0,37.0
STONE,18.0,255.0,37.0
GRASS,18.0,244.0,37.0
STONE,18.0,245.0,38.0
STONE,18.0,246.0,38.0
STONE,18.0,247.0,38.0
STONE,18.0,248.0,38.0
STONE,18.0,249.0,38.0
STONE,18.0,250.0,38.0
STONE,18.0,251.0,38.0
STONE,18.0,252.0,38.0
STONE,18.0,253.0,38.0
STONE,18.0,254.0,38.0
STONE,18.0,255.0,38.0
GRASS,18.0,244.0,38.0
STONE,18.0,245.0,39.0
STONE,18.0,246.0,39.0
STONE,18.0,247.0,39.0
STONE,18.0,248.0,39.0
STONE,18.0,249.0,39.0
STONE,18.0,250.0,39.0
STONE,18.0,251.0,39.0
STONE,18.0,252.0,39.0
STONE,18.0,253.0,39.0
STONE,18.0,254.0,39.0
STONE,18.0,255.0,39.0
GRASS,18.0,244.0,39.0
STONE,18.0,245.0,40.0
STONE,18.0,246.0,40.0
STONE,18.0,247.0,40.0
STONE,18.0,248.0,40.0
STONE,18.0,249.0,40.0
STONE,18.0,250.0,40.0
STONE,18.0,251.0,40.0
STONE,18.0,252.0,40.0
STONE,18.0,253.0,40.0
STONE,18.0,254.0,40.0
STONE,18.0,255.0,40.0
GRASS,18.0,244.0,40.0
STONE,18.0,245.0,41.0
STONE,18.0,246.0,41.0
STONE,18.0,247.0,41.0
STONE,18.0,248.0,41.0
STONE,18.0,249.0,41.0
STONE,18.0,250.0,41.0
STONE,18.0,251.0,41.0
STONE,18.0,252.0,41.0
STONE,18.0,253.0,41.0
STONE,18.0,254.0,41.0
STONE,18.0,255.0,41.0
GRASS,18.0,244.0,41.0
STONE,18.0,255.0,42.0
GRASS,18.0,254.0,42.0
STONE,18.0,255.0,43.0
GRASS,18.0,254.0,43.0
STONE,18.0,255.0,44.0
GRASS,18.0,254.0,44.0
STONE,18.0,245.0,45.0
STONE,18.0,246.0,45.0
STONE,18.0,247.0,45.0
STONE,18.0,248.0,45.0
STONE,18.0,249.0,45.0
STONE,18.0,250.0,45.0
STONE,18.0,251.0,45.0
STONE,18.0,252.0,45.0
STONE,18.0,253.0,45.0
STONE,18.0,254.0,45.0
STONE,18.0,255.0,45.0
GRASS,18.0,244.0,45.0
STONE,18.0,245.0,46.0
STONE,18.0,246.0,46.0
STONE,18.0,247.0,46.0
STONE,18.0,248.0,46.0
STONE,18.0,249.0,46.0
STONE,18.0,250.0,46.0
STONE,18.0,251.0,46.0
STONE,18.0,252.0,46.0
STONE,18.0,253.0,46.0
STONE,18.0,254.0,46.0
STONE,18.0,255.0,46.0
GRASS,18.0,244.0,46.0
STONE,18.0,245.0,47.0
STONE,18.0,246.0,47.0
STONE,18.0,247.0,47.0
STONE,18.0,248.0,47.0
STONE,18.0,249.0,47.0
STONE,18.0,250.0,47.0
STONE,18.0,251.0,47.0
STONE,18.0,252.0,47.0
STONE,18.0,253.0,47.0
STONE,18.0,254.0,47.0
STONE,18.0,255.0,47.0
GRASS,18.0,244.0,47.0
GRASS,19.0,255.0,32.0
STONE,19.0,254.0,33.0
STONE,19.0,255.0,33.0
GRASS,19.0,253.0,33.0
STONE,19.0,254.0,34.0
STONE,19.0,255.0,34.0
GRASS,19.0,253.0,34.0
STONE,19.0,245.0,35.0
STONE,19.0,246.0,35.0
STONE,19.0,247.0,35.0
STONE,19.0,248.0,35.0
STONE,19.0,249.0,35.0
STONE,19.0,250.0,35.0
STONE,19.0,251.0,35.0
STONE,19.0,252.0,35.0
STONE,19.0,253.0,35.0
STONE,19.0,254.0,35.0
STONE,19.0,255.0,35.0
GRASS,19.0,244.0,35.0
STONE,19.0,245.0,36.0
STONE,19.0,246.0,36.0
STONE,19.0,247.0,36.0
STONE,19.0,248.0,36.0
STONE,19.0,249.0,36.0
STONE,19.0,250.0,36.0
STONE,19.0,251.0,36.0
STONE,19.0,252.0,36.0
STONE,19.0,253.0,36.0
STONE,19.0,254.0,36.0
STONE,19.0,255.0,36.0
GRASS,19.0,244.0,36.0
STONE,19.0,245.0,37.0
STONE,19.0,246.0,37.0
STONE,19.0,247.0,37.0
STONE,19.0,248.0,37.0
STONE,19.0,249.0,37.0
STONE,19.0,250.0,37.0
STONE,19.0,251.0,37.0
STONE,19.0,252.0,37.0
STONE,19.0,253.0,37.0
STONE,19.0,254.0,37.0
STONE,19.0,255.0,37.0
GRASS,19.0,244.0,37.0
STONE,19.0,245.0,38.0
STONE,19.0,246.0,38.0
STONE,19.0,247.0,38.0
STONE,19.0,248.0,38.0
STONE,19.0,249.0,38.0
STONE,19.0,250.0,38.0
STONE,19.0,251.0,38.0
STONE,19.0,252.0,38.0
STONE,19.0,253.0,38.0
STONE,19.0,254.0,38.0
STONE,19.0,255.0,38.0
GRASS,19.0,244.0,38.0
STONE,19.0,245.0,39.0
STONE,19.0,246.0,39.0
STONE,19.0,247.0,39.0
STONE,19.0,248.0,39.0
STONE,19.0,249.0,39.0
STONE,19.0,250.0,39.0
STONE,19.0,251.0,39.0
STONE,19.0,252.0,39.0
STONE,19.0,253.0,39.0
STONE,19.0,254.0,39.0
STONE,19.0,255.0,39.0
GRASS,19.0,244.0,39.0
STONE,19.0,245.0,40.0
STONE,19.0,246.0,40.0
STONE,19.0,247.0,40.0
STONE,19.0,248.0,40.0
STONE,19.0,249.0,40.0
STONE,19.0,250.0,40.0
STONE,19.0,251.0,40.0
STONE,19.0,252.0,40.0
STONE,19.0,253.0,40.0
STONE,19.0,254.0,40.0
STONE,19.0,255.0,40.0
GRASS,19.0,244.0,40.0
STONE,19.0,245.0,41.0
STONE,19.0,246.0,41.0
STONE,19.0,247.0,41.0
STONE,19.0,248.0,41.0
STONE,19.0,249.0,41.0
STONE,19.0,250.0,41.0
STONE,19.0,251.0,41.0
STONE,19.0,252.0,41.0
STONE,19.0,253.0,41.0
STONE,19.0,254.0,41.0
STONE,19.0,255.0,41.0
GRASS,19.0,244.0,41.0
STONE,19.0,245.0,42.0
STONE,19.0,246.0,42.0
STONE,19.0,247.0,42.0
STONE,19.0,248.0,42.0
STONE,19.0,249.0,42.0
STONE,19.0,250.0,42.0
STONE,19.0,251.0,42.0
STONE,19.0,252.0,42.0
STONE,19.0,253.0,42.0
STONE,19.0,254.0,42.0
STONE,19.0,255.0,42.0
GRASS,19.0,244.0,42.0
STONE,19.0,255.0,43.0
GRASS,19.0,254.0,43.0
STONE,19.0,245.0,44.0
STONE,19.0,246.0,44.0
STONE,19.0,247.0,44.0
STONE,19.0,248.0,44.0
STONE,19.0,249.0,44.0
STONE,19.0,250.0,44.0
STONE,19.0,251.0,44.0
STONE,19.0,252.0,44.0
STONE,19.0,253.0,44.0
STONE,19.0,254.0,44.0
STONE,19.0,255.0,44.0
GRASS,19.0,244.0,44.0
STONE,19.0,245.0,45.0
STONE,19.0,246.0,45.0
STONE,19.0,247.0,45.0
STONE,19.0,248.0,45.0
STONE,19.0,249.0,45.0
STONE,19.0,250.0,45.0
STONE,19.0,251.0,45.0
STONE,19.0,252.0,45.0
STONE,19.0,253.0,45.0
STONE,19.0,254.0,45.0
STONE,19.0,255.0,45.0
GRASS,19.0,244.0,45.0
STONE,19.0,245.0,46.0
STONE,19.0,246.0,46.0
STONE,19.0,247.0,46.0
STONE,19.0,248.0,46.0
STONE,19.0,249.0,46.0
STONE,19.0,250.0,46.0
STONE,19.0,251.0,46.0
STONE,19.0,252.0,46.0
STONE,19.0,253.0,46.0
STONE,19.0,254.0,46.0
STONE,19.0,255.0,46.0
GRASS,19.0,244.0,46.0
STONE,19.0,245.0,47.0
STONE,19.0,246.0,47.0
STONE,19.0,247.0,47.0
STONE,19.0,248.0,47.0
STONE,19.0,249.0,47.0
STONE,19.0,250.0,47.0
STONE,19.0,251.0,47.0
STONE,19.0,252.0,47.0
STONE,19.0,253.0,47.0
STONE,19.0,254.0,47.0
STONE,19.0,255.0,47.0
GRASS,19.0,244.0,47.0
GRASS,20.0,255.0,32.0
STONE,20.0,254.0,33.0
STONE,20.0,255.0,33.0
GRASS,20.0,253.0,33.0
STONE,20.0,254.0,34.0
STONE,20.0,255.0,34.0
GRASS,20.0,253.0,34.0
STONE,20.0,245.0,35.0
STONE,20.0,246.0,35.0
STONE,20.0,247.0,35.0
STONE,20.0,248.0,35.0
STONE,20.0,249.0,35.0
STONE,20.0,250.0,35.0
STONE,20.0,251.0,35.0
STONE,20.0,252.0,35.0
STONE,20.0,253.0,35.0
STONE,20.0,254.0,35.0
STONE,20.0,255.0,35.0
GRASS,20.0,244.0,35.0
STONE,20.0,245.0,36.0
STONE,20.0,246.0,36.0
STONE,20.0,247.0,36.0
STONE,20.0,248.0,36.0
STONE,20.0,249.0,36.0
STONE,20.0,250.0,36.0
STONE,20.0,251.0,36.0
STONE,20.0,252.0,36.0
STONE,20.0,253.0,36.0
STONE,20.0,254.0,36.0
STONE,20.0,255.0,36.0
GRASS,20.0,244.0,36.0
STONE,20.0,245.0,37.0
STONE,20.0,246.0,37.0
STONE,20.0,247.0,37.0
STONE,20.0,248.0,37.0
STONE,20.0,249.0,37.0
STONE,20.0,250.0,37.0
STONE,20.0,251.0,37.0
STONE,20.0,252.0,37.0
STONE,20.0,253.0,37.0
STONE,20.0,254.0,37.0
STONE,20.0,255.0,37.0
GRASS,20.0,244.0,37.0
STONE,20.0,245.0,38.0
STONE,20.0,246.0,38.0
STONE,20.0,247.0,38.0
STONE,20.0,248.0,38.0
STONE,20.0,249.0,38.0
STONE,20.0,250.0,38.0
STONE,20.0,251.0,38.0
STONE,20.0,252.0,38.0
STONE,20.0,253.0,38.0
STONE,20.0,254.0,38.0
STONE,20.0,255.0,38.0
GRASS,20.0,244.0,38.0
STONE,20.0,245.0,39.0
STONE,20.0,246.0,39.0
STONE,20.0,247.0,39.0
STONE,20.0,248.0,39.0
STONE,20.0,249.0,39.0
STONE,20.0,250.0,39.0
STONE,20.0,251.0,39.0
STONE,20.0,252.0,39.0
STONE,20.0,253.0,39.0
STONE,20.0,254.0,39.0
STONE,20.0,255.0,39.0
GRASS,20.0,244.0,39.0
STONE,20.0,245.0,40.0
STONE,20.0,246.0,40.0
STONE,20.0,247.0,40.0
STONE,20.0,248.0,40.0
STONE,20.0,249.0,40.0
STONE,20.0,250.0,40.0
STONE,20.0,251.0,40.0
STONE,20.0,252.0,40.0
STONE,20.0,253.0,40.0
STONE,20.0,254.0,40.0
STONE,20.0,255.0,40.0
GRASS,20.0,244.0,40.0
STONE,20.0,245.0,41.0
STONE,20.0,246.0,41.0
STONE,20.0,247.0,41.0
STONE,20.0,248.0,41.0
STONE,20.0,249.0,41.0
STONE,20.0,250.0,41.0
STONE,20.0,251.0,41.0
STONE,20.0,252.0,41.0
STONE,20.0,253.0,41.0
STONE,20.0,254.0,41.0
STONE,20.0,255.0,41.0
GRASS,20.0,244.0,41.0
STONE,20.0,245.0,42.0
STONE,20.0,246.0,42.0
STONE,20.0,247.0,42.0
STONE,20.0,248.0,42.0
STONE,20.0,249.0,42.0
STONE,20.0,250.0,42.0
STONE,20.0,251.0,42.0
STONE,20.0,252.0,42.0
STONE,20.0,253.0,42.0
STONE,20.0,254.0,42.0
STONE,20.0,255.0,42.0
GRASS,20.0,244.0,42.0
STONE,20.0,245.0,43.0
STONE,20.0,246.0,43.0
STONE,20.0,247.0,43.0
STONE,20.0,248.0,43.0
STONE,20.0,249.0,43.0
STONE,20.0,250.0,43.0
STONE,20.0,251.0,43.0
STONE,20.0,252.0,43.0
STONE,20.0,253.0,43.0
STONE,20.0,254.0,43.0
STONE,20.0,255.0,43.0
GRASS,20.0,244.0,43.0
STONE,20.0,245.0,44.0
STONE,20.0,246.0,44.0
STONE,20.0,247.0,44.0
STONE,20.0,248.0,44.0
STONE,20.0,249.0,44.0
STONE,20.0,250.0,44.0
STONE,20.0,251.0,44.0
STONE,20.0,252.0,44.0
STONE,20.0,253.0,44.0
STONE,20.0,254.0,44.0
STONE,20.0,255.0,44.0
GRASS,20.0,244.0,44.0
STONE,20.0,245.0,45.0
STONE,20.0,246.0,45.0
STONE,20.0,247.0,45.0
STONE,20.0,248.0,45.0
STONE,20.0,249.0,45.0
STONE,20.0,250.0,45.0
STONE,20.0,251.0,45.0
STONE,20.0,252.0,45.0
STONE,20.0,253.0,45.0
STONE,20.0,254.0,45.0
STONE,20.0,255.0,45.0
GRASS,20.0,244.0,45.0
STONE,20.0,245.0,46.0
STONE,20.0,246.0,46.0
STONE,20.0,247.0,46.0
STONE,20.0,248.0,46.0
STONE,20.0,249.0,46.0
STONE,20.0,250.0,46.0
STONE,20.0,251.0,46.0
STONE,20.0,252.0,46.0
STONE,20.0,253.0,46.0
STONE,20.0,254.0,46.0
STONE,20.0,255.0,46.0
GRASS,20.0,244.0,46.0
STONE,20.0,245.0,47.0
STONE,20.0,246.0,47.0
STONE,20.0,247.0,47.0
STONE,20.0,248.0,47.0
STONE,20.0,249.0,47.0
STONE,20.0,250.0,47.0
STONE,20.0,251.0,47.0
STONE,20.0,252.0,47.0
STONE,20.0,253.0,47.0
STONE,20.0,254.0,47.0
STONE,20.0,255.0,47.0
GRASS,20.0,244.0,47.0
GRASS,21.0,255.0,32.0
STONE,21.0,254.0,33.0
STONE,21.0,255.0,33.0
GRASS,21.0,253.0,33.0
STONE,21.0,254.0,34.0
STONE,21.0,255.0,34.0
GRASS,21.0,253.0,34.0
STONE,21.0,245.0,35.0
STONE,21.0,246.0,35.0
STONE,21.0,247.0,35.0
STONE,21.0,248.0,35.0
STONE,21.0,249.0,35.0
STONE,21.0,250.0,35.0
STONE,21.0,251.0,35.0
STONE,21.0,252.0,35.0
STONE,21.0,253.0,35.0
STONE,21.0,254.0,35.0
STONE,21.0,255.0,35.0
GRASS,21.0,244.0,35.0
STONE,21.0,245.0,36.0
STONE,21.0,246.0,36.0
STONE,21.0,247.0,36.0
STONE,21.0,248.0,36.0
STONE,21.0,249.0,36.0
STONE,21.0,250.0,36.0
STONE,21.0,251.0,36.0
STONE,21.0,252.0,36.0
STONE,21.0,253.0,36.0
STONE,21.0,254.0,36.0
STONE,21.0,255.0,36.0
GRASS,21.0,244.0,36.0
STONE,21.0,245.0,37.0
STONE,21.0,246.0,37.0
STONE,21.0,247.0,37.0
STONE,21.0,248.0,37.0
STONE,21.0,249.0,37.0
STONE,21.0,250.0,37.0
STONE,21.0,251.0,37.0
STONE,21.0,252.0,37.0
STONE,21.0,253.0,37.0
STONE,21.0,254.0,37.0
STONE,21.0,255.0,37.0
GRASS,21.0,244.0,37.0
STONE,21.0,245.0,38.0
STONE,21.0,246.0,38.0
STONE,21.0,247.0,38.0
STONE,21.0,248.0,38.0
STONE,21.0,249.0,38.0
STONE,21.0,250.0,38.0
STONE,21.0,251.0,38.0
STONE,21.0,252.0,38.0
STONE,21.0,253.0,38.0
STONE,21.0,254.0,38.0
STONE,21.0,255.0,38.0
GRASS,21.0,244.0,38.0
STONE,21.0,245.0,39.0
STONE,21.0,246.0,39.0
STONE,21.0,247.0,39.0
STONE,21.0,248.0,39.0
STONE,21.0,249.0,39.0
STONE,21.0,250.0,39.0
STONE,21.0,251.0,39.0
STONE,21.0,252.0,39.0
STONE,21.0,253.0,39.0
STONE,21.0,254.0,39.0
STONE,21.0,255.0,39.0
GRASS,21.0,244.0,39.0
STONE,21.0,245.0,40.0
STONE,21.0,246.0,40.0
STONE,21.0,247.0,40.0
STONE,21.0,248.0,40.0
STONE,21.0,249.0,40.0
STONE,21.0,250.0,40.0
STONE,21.0,251.0,40.0
STONE,21.0,252.0,40.0
STONE,21.0,253.0,40.0
STONE,21.0,254.0,40.0
STONE,21.0,255.0,40.0
GRASS,21.0,244.0,40.0
STONE,21.0,245.0,41.0
STONE,21.0,246.0,41.0
STONE,21.0,247.0,41.0
STONE,21.0,248.0,41.0
STONE,21.0,249.0,41.0
STONE,21.0,250.0,41.0
STONE,21.0,251.0,41.0
STONE,21.0,252.0,41.0
STONE,21.0,253.0,41.0
STONE,21.0,254.0,41.0
STONE,21.0,255.0,41.0
GRASS,21.0,244.0,41.0
STONE,21.0,245.0,42.0
STONE,21.0,246.0,42.0
STONE,21.0,247.0,42.0
STONE,21.0,248.0,42.0
STONE,21.0,249.0,42.0
STONE,21.0,250.0,42.0
STONE,21.0,251.0,42.0
STONE,21.0,252.0,42.0
STONE,21.0,253.0,42.0
STONE,21.0,254.0,42.0
STONE,21.0,255.0,42.0
GRASS,21.0,244.0,42.0
STONE,21.0,245.0,43.0
STONE,21.0,246.0,43.0
STONE,21.0,247.0,43.0
STONE,21.0,248.0,43.0
STONE,21.0,249.0,43.0
STONE,21.0,250.0,43.0
STONE,21.0,251.0,43.0
STONE,21.0,252.0,43.0
STONE,21.0,253.0,43.0
STONE,21.0,254.0,43.0
STONE,21.0,255.0,43.0
GRASS,21.0,244.0,43.0
STONE,21.0,245.0,44.0
STONE,21.0,246.0,44.0
STONE,21.0,247.0,44.0
STONE,21.0,248.0,44.0
STONE,21.0,249.0,44.0
STONE,21.0,250.0,44.0
STONE,21.0,251.0,44.0
STONE,21.0,252.0,44.0
STONE,21.0,253.0,44.0
STONE,21.0,254.0,44.0
STONE,21.0,255.0,44.0
GRASS,21.0,244.0,44.0
STONE,21.0,245.0,45.0
STONE,21.0,246.0,45.0
STONE,21.0,247.0,45.0
STONE,21.0,248.0,45.0
STONE,21.0,249.0,45.0
STONE,21.0,250.0,45.0
STONE,21.0,251.0,45.0
STONE,21.0,252.0,45.0
STONE,21.0,253.0,45.0
STONE,21.0,254.0,45.0
STONE,21.0,255.0,45.0
GRASS,21.0,244.0,45.0
STONE,21.0,245.0,46.0
STONE,21.0,246.0,46.0
STONE,21.0,247.0,46.0
STONE,21.0,248.0,46.0
STONE,21.0,249.0,46.0
STONE,21.0,250.0,46.0
STONE,21.0,251.0,46.0
STONE,21.0,252.0,46.0
STONE,21.0,253.0,46.0
STONE,21.0,254.0,46.0
STONE,21.0,255.0,46.0
GRASS,21.0,244.0,46.0
STONE,21.0,245.0,47.0
STONE,21.0,246.0,47.0
STONE,21.0,247.0,47.0
STONE,21.0,248.0,47.0
STONE,21.0,249.0,47.0
STONE,21.0,250.0,47.0
STONE,21.0,251.0,47.0
STONE,21.0,252.0,47.0
STONE,21.0,253.0,47.0
STONE,21.0,254.0,47.0
STONE,21.0,255.0,47.0
GRASS,21.0,244.0,47.0
GRASS,22.0,255.0,32.0
STONE,22.0,254.0,33.0
STONE,22.0,255.0,33.0
GRASS,22.0,253.0,33.0
STONE,22.0,254.0,34.0
STONE,22.0,255.0,34.0
GRASS,22.0,253.0,34.0
STONE,22.0,255.0,35.0
GRASS,22.0,254.0,35.0
STONE,22.0,245.0,36.0
STONE,22.0,246.0,36.0
STONE,22.0,247.0,36.0
STONE,22.0,248.0,36.0
STONE,22.0,249.0,36.0
STONE,22.0,250.0,36.0
STONE,22.0,251.0,36.0
STONE,22.0,252.0,36.0
STONE,22.0,253.0,36.0
STONE,22.0,254.0,36.0
STONE,22.0,255.0,36.0
GRASS,22.0,244.0,36.0
STONE,22.0,245.0,37.0
STONE,22.0,246.0,37.0
STONE,22.0,247.0,37.0
STONE,22.0,248.0,37.0
STONE,22.0,249.0,37.0
STONE,22.0,250.0,37.0
STONE,22.0,251.0,37.0
STONE,22.0,252.0,37.0
STONE,22.0,253.0,37.0
STONE,22.0,254.0,37.0
STONE,22.0,255.0,37.0
GRASS,22.0,244.0,37.0
STONE,22.0,245.0,38.0
STONE,22.0,246.0,38.0
STONE,22.0,247.0,38.0
STONE,22.0,248.0,38.0
STONE,22.0,249.0,38.0
STONE,22.0,250.0,38.0
STONE,22.0,251.0,38.0
STONE,22.0,252.0,38.0
STONE,22.0,253.0,38.0
STONE,22.0,254.0,38.0
STONE,22.0,255.0,38.0
GRASS,22.0,244.0,38.0
STONE,22.0,245.0,39.0
STONE,22.0,246.0,39.0
STONE,22.0,247.0,39.0
STONE,22.0,248.0,39.0
STONE,22.0,249.0,39.0
STONE,22.0,250.0,39.0
STONE,22.0,251.0,39.0
STONE,22.0,252.0,39.0
STONE,22.0,253.0,39.0
STONE,22.0,254.0,39.0
STONE,22.0,255.0,39.0
GRASS,22.0,244.0,39.0
STONE,22.0,245.0,40.0
STONE,22.0,246.0,40.0
STONE,22.0,247.0,40.0
STONE,22.0,248.0,40.0
STONE,22.0,249.0,40.0
STONE,22.0,250.0,40.0
STONE,22.0,251.0,40.0
STONE,22.0,252.0,40.0
STONE,22.0,253.0,40.0
STONE,22.0,254.0,40.0
STONE,22.0,255.0,40.0
GRASS,22.0,244.0,40.0
STONE,22.0,255.0,41.0
GRASS,22.0,254.0,41.0
STONE,22.0,245.0,42.0
STONE,22.0,246.0,42.0
STONE,22.0,247.0,42.0
STONE,22.0,248.0,42.0
STONE,22.0,249.0,42.0
STONE,22.0,250.0,42.0
STONE,22.0,251.0,42.0
STONE,22.0,252.0,42.0
STONE,22.0,253.0,42.0
STONE,22.0,254.0,42.0
STONE,22.0,255.0,42.0
GRASS,22.0,244.0,42.0
STONE,22.0,245.0,43.0
STONE,22.0,246.0,43.0
STONE,22.0,247.0,43.0
STONE,22.0,248.0,43.0
STONE,22.0,249.0,43.0
STONE,22.0,250.0,43.0
STONE,22.0,251.0,43.0
STONE,22.0,252.0,43.0
STONE,22.0,253.0,43.0
STONE,22.0,254.0,43.0
STONE,22.0,255.0,43.0
GRASS,22.0,244.0,43.0
STONE,22.0,245.0,44.0
STONE,22.0,246.0,44.0
STONE,22.0,247.0,44.0
STONE,22.0,248.0,44.0
STONE,22.0,249.0,44.0
STONE,22.0,250.0,44.0
STONE,22.0,251.0,44.0
STONE,22.0,252.0,44.0
STONE,22.0,253.0,44.0
STONE,22.0,254.0,44.0
STONE,22.0,255.0,44.0
GRASS,22.0,244.0,44.0
STONE,22.0,245.0,45.0
STONE,22.0,246.0,45.0
STONE,22.0,247.0,45.0
STONE,22.0,248.0,45.0
STONE,22.0,249.0,45.0
STONE,22.0,250.0,45.0
STONE,22.0,251.0,45.0
STONE,22.0,252.0,45.0
STONE,22.0,253.0,45.0
STONE,22.0,254.0,45.0
STONE,22.0,255.0,45.0
GRASS,22.0,244.0,45.0
STONE,22.0,245.0,46.0
STONE,22.0,246.0,46.0
STONE,22.0,247.0,46.0
STONE,22.0,248.0,46.0
STONE,22.0,249.0,46.0
STONE,22.0,250.0,46.0
STONE,22.0,251.0,46.0
STONE,22.0,252.0,46.0
STONE,22.0,253.0,46.0
STONE,22.0,254.0,46.0
STONE,22.0,255.0,46.0
GRASS,22.0,244.0,46.0
STONE,22.0,245.0,47.0
STONE,22.0,246.0,47.0
STONE,22.0,247.0,47.0
STONE,22.0,248.0,47.0
STONE,22.0,249.0,47.0
STONE,22.0,250.0,47.0
STONE,22.0,251.0,47.0
STONE,22.0,252.0,47.0
STONE,22.0,253.0,47.0
STONE,22.0,254.0,47.0
STONE,22.0,255.0,47.0
GRASS,22.0,244.0,47.0
GRASS,23.0,255.0,32.0
GRASS,23.0,255.0,33.0
STONE,23.0,255.0,34.0
GRASS,23.0,254.0,34.0
STONE,23.0,255.0,35.0
GRASS,23.0,254.0,35.0
STONE,23.0,255.0,36.0
GRASS,23.0,254.0,36.0
STONE,23.0,245.0,37.0
STONE,23.0,246.0,37.0
STONE,23.0,247.0,37.0
STONE,23.0,248.0,37.0
STONE,23.0,249.0,37.0
STONE,23.0,250.0,37.0
STONE,23.0,251.0,37.0
STONE,23.0,252.0,37.0
STONE,23.0,253.0,37.0
STONE,23.0,254.0,37.0
STONE,23.0,255.0,37.0
GRASS,23.0,244.0,37.0
STONE,23.0,245.0,38.0
STONE,23.0,246.0,38.0
STONE,23.0,247.0,38.0
STONE,23.0,248.0,38.0
STONE,23.0,249.0,38.0
STONE,23.0,250.0,38.0
STONE,23.0,251.0,38.0
STONE,23.0,252.0,38.0
STONE,23.0,253.0,38.0
STONE,23.0,254.0,38.0
STONE,23.0,255.0,38.0
GRASS,23.0,244.0,38.0
STONE,23.0,255.0,39.0
GRASS,23.0,254.0,39.0
STONE,23.0,255.0,40.0
GRASS,23.0,254.0,40.0
STONE,23.0,255.0,41.0
GRASS,23.0,254.0,41.0
STONE,23.0,255.0,42.0
GRASS,23.0,254.0,42.0
STONE,23.0,245.0,43.0
STONE,23.0,246.0,43.0
STONE,23.0,247.0,43.0
STONE,23.0,248.0,43.0
STONE,23.0,249.0,43.0
STONE,23.0,250.0,43.0
STONE,23.0,251.0,43.0
STONE,23.0,252.0,43.0
STONE,23.0,253.0,43.0
STONE,23.0,254.0,43.0
STONE,23.0,255.0,43.0
GRASS,23.0,244.0,43.0
STONE,23.0,245.0,44.0
STONE,23.0,246.0,44.0
STONE,23.0,247.0,44.0
STONE,23.0,248.0,44.0
STONE,23.0,249.0,44.0
STONE,23.0,250.0,44.0
STONE,23.0,251.0,44.0
STONE,23.0,252.0,44.0
STONE,23.0,253.0,44.0
STONE,23.0,254.0,44.0
STONE,23.0,255.0,44.0
GRASS,23.0,244.0,44.0
STONE,23.0,245.0,45.0
STONE,23.0,246.0,45.0
STONE,23.0,247.0,45.0
STONE,23.0,248.0,45.0
STONE,23.0,249.0,45.0
STONE,23.0,250.0,45.0
STONE,23.0,251.0,45.0
STONE,23.0,252.0,45.0
STONE,23.0,253.0,45.0
STONE,23.0,254.0,45.0
STONE,23.0,255.0,45.0
GRASS,23.0,244.0,45.0
STONE,23.0,245.0,46.0
STONE,23.0,246.0,46.0
STONE,23.0,247.0,46.0
STONE,23.0,248.0,46.0
STONE,23.0,249.0,46.0
STONE,23.0,250.0,46.0
STONE,23.0,251.0,46.0
STONE,23.0,252.0,46.0
STONE,23.0,253.0,46.0
STONE,23.0,254.0,46.0
STONE,23.0,255.0,46.0
GRASS,23.0,244.0,46.0
STONE,23.0,245.0,47.0
STONE,23.0,246.0,47.0
STONE,23.0,247.0,47.0
STONE,23.0,248.0,47.0
STONE,23.0,249.0,47.0
STONE,23.0,250.0,47.0
STONE,23.0,251.0,47.0
STONE,23.0,252.0,47.0
STONE,23.0,253.0,47.0
STONE,23.0,254.0,47.0
STONE,23.0,255.0,47.0
GRASS,23.0,244.0,47.0
GRASS,24.0,255.0,32.0
GRASS,24.0,255.0,33.0
GRASS,24.0,255.0,34.0
STONE,24.0,255.0,35.0
GRASS,24.0,254.0,35.0
STONE,24.0,254.0,36.0
STONE,24.0,255.0,36.0
GRASS,24.0,253.0,36.0
STONE,24.0,254.0,37.0
STONE,24.0,255.0,37.0
GRASS,24.0,253.0,37.0
STONE,24.0,255.0,38.0
GRASS,24.0,254.0,38.0
STONE,24.0,255.0,39.0
GRASS,24.0,254.0,39.0
STONE,24.0,255.0,40.0
GRASS,24.0,254.0,40.0
STONE,24.0,255.0,41.0
GRASS,24.0,254.0,41.0
STONE,24.0,245.0,42.0
STONE,24.0,246.0,42.0
STONE,24.0,247.0,42.0
STONE,24.0,248.0,42.0
STONE,24.0,249.0,42.0
STONE,24.0,250.0,42.0
STONE,24.0,251.0,42.0
STONE,24.0,252.0,42.0
STONE,24.0,253.0,42.0
STONE,24.0,254.0,42.0
STONE,24.0,255.0,42.0
GRASS,24.0,244.0,42.0
STONE,24.0,245.0,43.0
STONE,24.0,246.0,43.0
STONE,24.0,247.0,43.0
STONE,24.0,248.0,43.0
STONE,24.0,249.0,43.0
STONE,24.0,250.0,43.0
STONE,24.0,251.0,43.0
STONE,24.0,252.0,43.0
STONE,24.0,253.0,43.0
STONE,24.0,254.0,43.0
STONE,24.0,255.0,43.0
GRASS,24.0,244.0,43.0
STONE,24.0,245.0,44.0
STONE,24.0,246.0,44.0
STONE,24.0,247.0,44.0
STONE,24.0,248.0,44.0
STONE,24.0,249.0,44.0
STONE,24.0,250.0,44.0
STONE,24.0,251.0,44.0
STONE,24.0,252.0,44.0
STONE,24.0,253.0,44.0
STONE,24.0,254.0,44.0
STONE,24.0,255.0,44.0
LOG,24.0,243.0,44.0
LOG,24.0,242.0,44.0
LOG,24.0,241.0,44.0
LOG,24.0,240.0,44.0
LEAF,24.0,239.0,44.0
LEAF,23.0,240.0,44.0
LEAF,25.0,240.0,44.0
LEAF,24.0,240.0,43.0
LEAF,24.0,240.0,45.0
DIRT,24.0,244.0,44.0
STONE,24.0,245.0,45.0
STONE,24.0,246.0,45.0
STONE,24.0,247.0,45.0
STONE,24.0,248.0,45.0
STONE,24.0,249.0,45.0
STONE,24.0,250.0,45.0
STONE,24.0,251.0,45.0
STONE,24.0,252.0,45.0
STONE,24.0,253.0,45.0
STONE,24.0,254.0,45.0
STONE,24.0,255.0,45.0
GRASS,24.0,244.0,45.0
STONE,24.0,245.0,46.0
STONE,24.0,246.0,46.0
STONE,24.0,247.0,46.0
STONE,24.0,248.0,46.0
STONE,24.0,249.0,46.0
STONE,24.0,250.0,46.0
STONE,24.0,251.0,46.0
STONE,24.0,252.0,46.0
STONE,24.0,253.0,46.0
STONE,24.0,254.0,46.0
STONE,24.0,255.0,46.0
GRASS,24.0,244.0,46.0
STONE,24.0,254.0,47.0
STONE,24.0,255.0,47.0
GRASS,24.0,253.0,47.0
GRASS,25.0,255.0,32.0
GRASS,25.0,255.0,33.0
GRASS,25.0,255.0,34.0
STONE,25.0,254.0,35.0
STONE,25.0,255.0,35.0
GRASS,25.0,253.0,35.0
STONE,25.0,254.0,36.0
STONE,25.0,255.0,36.0
GRASS,25.0,253.0,36.0
STONE,25.0,254.0,37.0
STONE,25.0,255.0,37.0
GRASS,25.0,253.0,37.0
STONE,25.0,254.0,38.0
STONE,25.0,255.0,38.0
GRASS,25.0,253.0,38.0
STONE,25.0,255.0,39.0
GRASS,25.0,254.0,39.0
STONE,25.0,245.0,40.0
STONE,25.0,246.0,40.0
STONE,25.0,247.0,40.0
STONE,25.0,248.0,40.0
STONE,25.0,249.0,40.0
STONE,25.0,250.0,40.0
STONE,25.0,251.0,40.0
STONE,25.0,252.0,40.0
STONE,25.0,253.0,40.0
STONE,25.0,254.0,40.0
STONE,25.0,255.0,40.0
GRASS,25.0,244.0,40.0
STONE,25.0,245.0,41.0
STONE,25.0,246.0,41.0
STONE,25.0,247.0,41.0
STONE,25.0,248.0,41.0
STONE,25.0,249.0,41.0
STONE,25.0,250.0,41.0
STONE,25.0,251.0,41.0
STONE,25.0,252.0,41.0
STONE,25.0,253.0,41.0
STONE,25.0,254.0,41.0
STONE,25.0,255.0,41.0
GRASS,25.0,244.0,41.0
STONE,25.0,245.0,42.0
STONE,25.0,246.0,42.0
STONE,25.0,247.0,42.0
STONE,25.0,248.0,42.0
STONE,25.0,249.0,42.0
STONE,25.0,250.0,42.0
STONE,25.0,251.0,42.0
STONE,25.0,252.0,42.0
STONE,25.0,253.0,42.0
STONE,25.0,254.0,42.0
STONE,25.0,255.0,42.0
GRASS,25.0,244.0,42.0
STONE,25.0,245.0,43.0
STONE,25.0,246.0,43.0
STONE,25.0,247.0,43.0
STONE,25.0,248.0,43.0
STONE,25.0,249.0,43.0
STONE,25.0,250.0,43.0
STONE,25.0,251.0,43.0
STONE,25.0,252.0,43.0
STONE,25.0,253.0,43.0
STONE,25.0,254.0,43.0
STONE,25.0,255.0,43.0
GRASS,25.0,244.0,43.0
STONE,25.0,245.0,44.0
STONE,25.0,246.0,44.0
STONE,25.0,247.0,44.0
STONE,25.0,248.0,44.0
STONE,25.0,249.0,44.0
STONE,25.0,250.0,44.0
STONE,25.0,251.0,44.0
STONE,25.0,252.0,44.0
STONE,25.0,253.0,44.0
STONE,25.0,254.0,44.0
STONE,25.0,255.0,44.0
GRASS,25.0,244.0,44.0
STONE,25.0,245.0,45.0
STONE,25.0,246.0,45.0
STONE,25.0,247.0,45.0
STONE,25.0,248.0,45.0
STONE,25.0,249.0,45.0
STONE,25.0,250.0,45.0
STONE,25.0,251.0,45.0
STONE,25.0,252.0,45.0
STONE,25.0,253.0,45.0
STONE,25.0,254.0,45.0
STONE,25.0,255.0,45.0
GRASS,25.0,244.0,45.0
STONE,25.0,254.0,46.0
STONE,25.0,255.0,46.0
GRASS,25.0,253.0,46.0
STONE,25.0,254.0,47.0
STONE,25.0,255.0,47.0
GRASS,25.0,253.0,47.0
GRASS,26.0,255.0,32.0
GRASS,26.0,255.0,33.0
GRASS,26.0,255.0,34.0
GRASS,26.0,255.0,35.0
GRASS,26.0,255.0,36.0
STONE,26.0,254.0,37.0
STONE,26.0,255.0,37.0
GRASS,26.0,253.0,37.0
STONE,26.0,254.0,38.0
STONE,26.0,255.0,38.0
GRASS,26.0,253.0,38.0
STONE,26.0,254.0,39.0
STONE,26.0,255.0,39.0
GRASS,26.0,253.0,39.0
STONE,26.0,254.0,40.0
STONE,26.0,255.0,40.0
GRASS,26.0,253.0,40.0
STONE,26.0,254.0,41.0
STONE,26.0,255.0,41.0
GRASS,26.0,253.0,41.0
STONE,26.0,255.0,42.0
GRASS,26.0,254.0,42.0
STONE,26.0,254.0,43.0
STONE,26.0,255.0,43.0
GRASS,26.0,253.0,43.0
STONE,26.0,254.0,44.0
STONE,26.0,255.0,44.0
GRASS,26.0,253.0,44.0
STONE,26.0,254.0,45.0
STONE,26.0,255.0,45.0
GRASS,26.0,253.0,45.0
STONE,26.0,254.0,46.0
STONE,26.0,255.0,46.0
GRASS,26.0,253.0,46.0
STONE,26.0,254.0,47.0
STONE,26.0,255.0,47.0
GRASS,26.0,253.0,47.0
GRASS,27.0,255.0,32.0
GRASS,27.0,255.0,33.0
GRASS,27.0,255.0,34.0
GRASS,27.0,255.0,35.0
GRASS,27.0,255.0,36.0
GRASS,27.0,255.0,37.0
STONE,27.0,254.0,38.0
STONE,27.0,255.0,38.0
GRASS,27.0,253.0,38.0
STONE,27.0,254.0,39.0
STONE,27.0,255.0,39.0
GRASS,27.0,253.0,39.0
STONE,27.0,254.0,40.0
STONE,27.0,255.0,40.0
GRASS,27.0,253.0,40.0
STONE,27.0,255.0,41.0
GRASS,27.0,254.0,41.0
STONE,27.0,255.0,42.0
GRASS,27.0,254.0,42.0
STONE,27.0,255.0,43.0
GRASS,27.0,254.0,43.0
STONE,27.0,255.0,44.0
GRASS,27.0,254.0,44.0
STONE,27.0,254.0,45.0
STONE,27.0,255.0,45.0
GRASS,27.0,253.0,45.0
STONE,27.0,254.0,46.0
STONE,27.0,255.0,46.0
GRASS,27.0,253.0,46.0
GRASS,27.0,255.0,47.0
GRASS,28.0,255.0,32.0
GRASS,28.0,255.0,33.0
GRASS,28.0,255.0,34.0
GRASS,28.0,255.0,35.0
GRASS,28.0,255.0,36.0
GRASS,28.0,255.0,37.0
GRASS,28.0,255.0,38.0
GRASS,28.0,255.0,39.0
GRASS,28.0,255.0,40.0
GRASS,28.0,255.0,41.0
STONE,28.0,255.0,42.0
GRASS,28.0,254.0,42.0
STONE,28.0,255.0,43.0
GRASS,28.0,254.0,43.0
STONE,28.0,255.0,44.0
GRASS,28.0,254.0,44.0
STONE,28.0,255.0,45.0
GRASS,28.0,254.0,45.0
STONE,28.0,255.0,46.0
GRASS,28.0,254.0,46.0
GRASS,28.0,255.0,47.0
GRASS,29.0,255.0,32.0
STONE,29.0,254.0,33.0
STONE,29.0,255.0,33.0
GRASS,29.0,253.0,33.0
GRASS,29.0,255.0,34.0
GRASS,29.0,255.0,35.0
STONE,29.0,255.0,36.0
GRASS,29.0,254.0,36.0
GRASS,29.0,255.0,37.0
GRASS,29.0,255.0,38.0
GRASS,29.0,255.0,39.0
GRASS,29.0,255.0,40.0
GRASS,29.0,255.0,41.0
STONE,29.0,255.0,42.0
GRASS,29.0,254.0,42.0
STONE,29.0,255.0,43.0
GRASS,29.0,254.0,43.0
STONE,29.0,254.0,44.0
STONE,29.0,255.0,44.0
GRASS,29.0,253.0,44.0
STONE,29.0,255.0,45.0
GRASS,29.0,254.0,45.0
STONE,29.0,255.0,46.0
GRASS,29.0,254.0,46.0
STONE,29.0,255.0,47.0
GRASS,29.0,254.0,47.0
STONE,30.0,254.0,32.0
STONE,30.0,255.0,32.0
GRASS,30.0,253.0,32.0
STONE,30.0,254.0,33.0
STONE,30.0,255.0,33.0
GRASS,30.0,253.0,33.0
STONE,30.0,254.0,34.0
STONE,30.0,255.0,34.0
GRASS,30.0,253.0,34.0
STONE,30.0,255.0,35.0
GRASS,30.0,254.0,35.0
STONE,30.0,255.0,36.0
GRASS,30.0,254.0,36.0
STONE,30.0,255.0,37.0
GRASS,30.0,254.0,37.0
GRASS,30.0,255.0,38.0
GRASS,30.0,255.0,39.0
GRASS,30.0,255.0,40.0
GRASS,30.0,255.0,41.0
GRASS,30.0,255.0,42.0
STONE,30.0,255.0,43.0
GRASS,30.0,254.0,43.0
STONE,30.0,255.0,44.0
GRASS,30.0,254.0,44.0
STONE,30.0,255.0,45.0
GRASS,30.0,254.0,45.0
STONE,30.0,255.0,46.0
GRASS,30.0,254.0,46.0
GRASS,30.0,255.0,47.0
LOG,31.0,254.0,32.0
LOG,31.0,253.0,32.0
LOG,31.0,252.0,32.0
LOG,31.0,251.0,32.0
LEAF,31.0,250.0,32.0
LEAF,30.0,251.0,32.0
LEAF,32.0,251.0,32.0
LEAF,31.0,251.0,31.0
LEAF,31.0,251.0,33.0
GRASS,31.0,255.0,32.0
STONE,31.0,254.0,33.0
STONE,31.0,255.0,33.0
GRASS,31.0,253.0,33.0
STONE,31.0,255.0,34.0
GRASS,31.0,254.0,34.0
STONE,31.0,255.0,35.0
GRASS,31.0,254.0,35.0
STONE,31.0,254.0,36.0
STONE,31.0,255.0,36.0
GRASS,31.0,253.0,36.0
STONE,31.0,255.0,37.0
GRASS,31.0,254.0,37.0
STONE,31.0,255.0,38.0
GRASS,31.0,254.0,38.0
GRASS,31.0,255.0,39.0
GRASS,31.0,255.0,40.0
GRASS,31.0,255.0,41.0
GRASS,31.0,255.0,42.0
GRASS,31.0,255.0,43.0
STONE,31.0,255.0,44.0
GRASS,31.0,254.0,44.0
GRASS,31.0,255.0,45.0
GRASS,31.0,255.0,46.0
GRASS,31.0,255.0,47.0
