STONE,16.0,245.0,48.0
STONE,16.0,246.0,48.0
STONE,16.0,247.0,48.0
STONE,16.0,248.0,48.0
STONE,16.0,249.0,48.0
STONE,16.0,250.0,48.0
STONE,16.0,251.0,48.0
STONE,16.0,252.0,48.0
STONE,16.0,253.0,48.0
STONE,16.0,254.0,48.0
STONE,16.0,255.0,48.0
GRASS,16.0,244.0,48.0
STONE,16.0,245.0,49.0
STONE,16.0,246.0,49.0
STONE,16.0,247.0,49.0
STONE,16.0,248.0,49.0
STONE,16.0,249.0,49.0
STONE,16.0,250.0,49.0
STONE,16.0,251.0,49.0
STONE,16.0,252.0,49.0
STONE,16.0,253.0,49.0
STONE,16.0,254.0,49.0
STONE,16.0,255.0,49.0
GRASS,16.0,244.0,49.0
STONE,16.0,254.0,50.0
STONE,16.0,255.0,50.0
GRASS,16.0,253.0,50.0
STONE,16.0,254.0,51.0
STONE,16.0,255.0,51.0
GRASS,16.0,253.0,51.0
STONE,16.0,253.0,52.0
STONE,16.0,254.0,52.0
STONE,16.0,255.0,52.0
GRASS,16.0,252.0,52.0
STONE,16.0,255.0,53.0
GRASS,16.0,254.0,53.0
STONE,16.0,253.0,54.0
STONE,16.0,254.0,54.0
STONE,16.0,255.0,54.0
GRASS,16.0,252.0,54.0
STONE,16.0,253.0,55.0
STONE,16.0,254.0,55.0
STONE,16.0,255.0,55.0
GRASS,16.0,252.0,55.0
STONE,16.0,253.0,56.0
STONE,16.0,254.0,56.0
STONE,16.0,255.0,56.0
GRASS,16.0,252.0,56.0
GRASS,16.0,255.0,57.0
GRASS,16.0,255.0,58.0
GRASS,16.0,255.0,59.0
GRASS,16.0,255.0,60.0
STONE,16.0,255.0,61.0
GRASS,16.0,254.0,61.0
GRASS,16.0,255.0,62.0
GRASS,16.0,255.0,63.0
STONE,17.0,245.0,48.0
STONE,17.0,246.0,48.0
STONE,17.0,247.0,48.0
STONE,17.0,248.0,48.0
STONE,17.0,249.0,48.0
STONE,17.0,250.0,48.0
STONE,17.0,251.0,48.0
STONE,17.0,252.0,48.0
STONE,17.0,253.0,48.0
STONE,17.0,254.0,48.0
STONE,17.0,255.0,48.0
GRASS,17.0,244.0,48.0
STONE,17.0,245.0,49.0
STONE,17.0,246.0,49.0
STONE,17.0,247.0,49.0
STONE,17.0,248.0,49.0
STONE,17.0,249.0,49.0
STONE,17.0,250.0,49.0
STONE,17.0,251.0,49.0
STONE,17.0,252.0,49.0
STONE,17.0,253.0,49.0
STONE,17.0,254.0,49.0
STONE,17.0,255.0,49.0
GRASS,17.0,244.0,49.0
STONE,17.0,254.0,50.0
STONE,17.0,255.0,50.0
GRASS,17.0,253.0,50.0
STONE,17.0,255.0,51.0
GRASS,17.0,254.0,51.0
STONE,17.0,255.0,52.0
GRASS,17.0,254.0,52.0
STONE,17.0,255.0,53.0
GRASS,17.0,254.0,53.0
STONE,17.0,255.0,54.0
GRASS,17.0,254.0,54.0
STONE,17.0,255.0,55.0
GRASS,17.0,254.0,55.0
GRASS,17.0,255.0,56.0
GRASS,17.0,255.0,57.0
GRASS,17.0,255.0,58.0
GRASS,17.0,255.0,59.0
STONE,17.0,255.0,60.0
GRASS,17.0,254.0,60.0
STONE,17.0,255.0,61.0
GRASS,17.0,254.0,61.0
STONE,17.0,255.0,62.0
GRASS,17.0,254.0,62.0
GRASS,17.0,255.0,63.0
STONE,18.0,245.0,48.0
STONE,18.0,246.0,48.0
STONE,18.0,247.0,48.0
STONE,18.0,248.0,48.0
STONE,18.0,249.0,48.0
STONE,18.0,250.0,48.0
STONE,18.0,251.0,48.0
STONE,18.0,252.0,48.0
STONE,18.0,253.0,48.0
STONE,18.0,254.0,48.0
STONE,18.0,255.0,48.0
GRASS,18.0,244.0,48.0
STONE,18.0,245.0,49.0
STONE,18.0,246.0,49.0
STONE,18.0,247.0,49.0
STONE,18.0,248.0,49.0
STONE,18.0,249.0,49.0
STONE,18.0,250.0,49.0
STONE,18.0,251.0,49.0
STONE,18.0,252.0,49.0
STONE,18.0,253.0,49.0
STONE,18.0,254.0,49.0
STONE,18.0,255.0,49.0
GRASS,18.0,244.0,49.0
STONE,18.0,255.0,50.0
GRASS,18.0,254.0,50.0
STONE,18.0,254.0,51.0
STONE,18.0,255.0,51.0
GRASS,18.0,253.0,51.0
STONE,18.0,254.0,52.0
STONE,18.0,255.0,52.0
GRASS,18.0,253.0,52.0
STONE,18.0,254.0,53.0
STONE,18.0,255.0,53.0
GRASS,18.0,253.0,53.0
STONE,18.0,254.0,54.0
STONE,18.0,255.0,54.0
GRASS,18.0,253.0,54.0
STONE,18.0,254.0,55.0
STONE,18.0,255.0,55.0
GRASS,18.0,253.0,55.0
STONE,18.0,255.0,56.0
GRASS,18.0,254.0,56.0
GRASS,18.0,255.0,57.0
GRASS,18.0,255.0,58.0
STONE,18.0,255.0,59.0
GRASS,18.0,254.0,59.0
STONE,18.0,255.0,60.0
GRASS,18.0,254.0,60.0
STONE,18.0,254.0,61.0
STONE,18.0,255.0,61.0
GRASS,18.0,253.0,61.0
STONE,18.0,255.0,62.0
GRASS,18.0,254.0,62.0
STONE,18.0,255.0,63.0
GRASS,18.0,254.0,63.0
STONE,19.0,245.0,48.0
STONE,19.0,246.0,48.0
STONE,19.0,247.0,48.0
STONE,19.0,248.0,48.0
STONE,19.0,249.0,48.0
STONE,19.0,250.0,48.0
STONE,19.0,251.0,48.0
STONE,19.0,252.0,48.0
STONE,19.0,253.0,48.0
STONE,19.0,254.0,48.0
STONE,19.0,255.0,48.0
GRASS,19.0,244.0,48.0
STONE,19.0,255.0,49.0
GRASS,19.0,254.0,49.0
STONE,19.0,254.0,50.0
STONE,19.0,255.0,50.0
GRASS,19.0,253.0,50.0
STONE,19.0,254.0,51.0
STONE,19.0,255.0,51.0
GRASS,19.0,253.0,51.0
STONE,19.0,251.0,52.0
STONE,19.0,252.0,52.0
STONE,19.0,253.0,52.0
STONE,19.0,254.0,52.0
STONE,19.0,255.0,52.0
GRASS,19.0,250.0,52.0
STONE,19.0,253.0,53.0
STONE,19.0,254.0,53.0
STONE,19.0,255.0,53.0
GRASS,19.0,252.0,53.0
STONE,19.0,253.0,54.0
STONE,19.0,254.0,54.0
STONE,19.0,255.0,54.0
GRASS,19.0,252.0,54.0
STONE,19.0,254.0,55.0
STONE,19.0,255.0,55.0
GRASS,19.0,253.0,55.0
STONE,19.0,254.0,56.0
STONE,19.0,255.0,56.0
GRASS,19.0,253.0,56.0
STONE,19.0,255.0,57.0
GRASS,19.0,254.0,57.0
GRASS,19.0,255.0,58.0
GRASS,19.0,255.0,59.0
STONE,19.0,255.0,60.0
GRASS,19.0,254.0,60.0
STONE,19.0,255.0,61.0
GRASS,19.0,254.0,61.0
STONE,19.0,255.0,62.0
GRASS,19.0,254.0,62.0
GRASS,19.0,255.0,63.0
STONE,20.0,245.0,48.0
STONE,20.0,246.0,48.0
STONE,20.0,247.0,48.0
STONE,20.0,248.0,48.0
STONE,20.0,249.0,48.0
STONE,20.0,250.0,48.0
STONE,20.0,251.0,48.0
STONE,20.0,252.0,48.0
STONE,20.0,253.0,48.0
STONE,20.0,254.0,48.0
STONE,20.0,255.0,48.0
GRASS,20.0,244.0,48.0
STONE,20.0,255.0,49.0
GRASS,20.0,254.0,49.0
STONE,20.0,251.0,50.0
STONE,20.0,252.0,50.0
STONE,20.0,253.0,50.0
STONE,20.0,254.0,50.0
STONE,20.0,255.0,50.0
GRASS,20.0,250.0,50.0
STONE,20.0,251.0,51.0
STONE,20.0,252.0,51.0
STONE,20.0,253.0,51.0
STONE,20.0,254.0,51.0
STONE,20.0,255.0,51.0
GRASS,20.0,250.0,51.0
STONE,20.0,251.0,52.0
STONE,20.0,252.0,52.0
STONE,20.0,253.0,52.0
STONE,20.0,254.0,52.0
STONE,20.0,255.0,52.0
GRASS,20.0,250.0,52.0
STONE,20.0,251.0,53.0
STONE,20.0,252.0,53.0
STONE,20.0,253.0,53.0
STONE,20.0,254.0,53.0
STONE,20.0,255.0,53.0
GRASS,20.0,250.0,53.0
STONE,20.0,251.0,54.0
STONE,20.0,252.0,54.0
STONE,20.0,253.0,54.0
STONE,20.0,254.0,54.0
STONE,20.0,255.0,54.0
GRASS,20.0,250.0,54.0
STONE,20.0,253.0,55.0
STONE,20.0,254.0,55.0
STONE,20.0,255.0,55.0
GRASS,20.0,252.0,55.0
STONE,20.0,254.0,56.0
STONE,20.0,255.0,56.0
GRASS,20.0,253.0,56.0
STONE,20.0,255.0,57.0
GRASS,20.0,254.0,57.0
STONE,20.0,255.0,58.0
GRASS,20.0,254.0,58.0
GRASS,20.0,255.0,59.0
GRASS,20.0,255.0,60.0
STONE,20.0,255.0,61.0
GRASS,20.0,254.0,61.0
GRASS,20.0,255.0,62.0
GRASS,20.0,255.0,63.0
STONE,21.0,255.0,48.0
GRASS,21.0,254.0,48.0
STONE,21.0,251.0,49.0
STONE,21.0,252.0,49.0
STONE,21.0,253.0,49.0
STONE,21.0,254.0,49.0
STONE,21.0,255.0,49.0
GRASS,21.0,250.0,49.0
STONE,21.0,251.0,50.0
STONE,21.0,252.0,50.0
STONE,21.0,253.0,50.0
STONE,21.0,254.0,50.0
STONE,21.0,255.0,50.0
GRASS,21.0,250.0,50.0
STONE,21.0,251.0,51.0
STONE,21.0,252.0,51.0
STONE,21.0,253.0,51.0
STONE,21.0,254.0,51.0
STONE,21.0,255.0,51.0
GRASS,21.0,250.0,51.0
STONE,21.0,251.0,52.0
STONE,21.0,252.0,52.0
STONE,21.0,253.0,52.0
STONE,21.0,254.0,52.0
STONE,21.0,255.0,52.0
GRASS,21.0,250.0,52.0
STONE,21.0,251.0,53.0
STONE,21.0,252.0,53.0
STONE,21.0,253.0,53.0
STONE,21.0,254.0,53.0
STONE,21.0,255.0,53.0
GRASS,21.0,250.0,53.0
STONE,21.0,251.0,54.0
STONE,21.0,252.0,54.0
STONE,21.0,253.0,54.0
STONE,21.0,254.0,54.0
STONE,21.0,255.0,54.0
GRASS,21.0,250.0,54.0
STONE,21.0,251.0,55.0
STONE,21.0,252.0,55.0
STONE,21.0,253.0,55.0
STONE,21.0,254.0,55.0
STONE,21.0,255.0,55.0
GRASS,21.0,250.0,55.0
STONE,21.0,254.0,56.0
STONE,21.0,255.0,56.0
GRASS,21.0,253.0,56.0
STONE,21.0,255.0,57.0
GRASS,21.0,254.0,57.0
STONE,21.0,255.0,58.0
GRASS,21.0,254.0,58.0
GRASS,21.0,255.0,59.0
GRASS,21.0,255.0,60.0
GRASS,21.0,255.0,61.0
GRASS,21.0,255.0,62.0
GRASS,21.0,255.0,63.0
STONE,22.0,245.0,48.0
STONE,22.0,246.0,48.0
STONE,22.0,247.0,48.0
STONE,22.0,248.0,48.0
STONE,22.0,249.0,48.0
STONE,22.0,250.0,48.0
STONE,22.0,251.0,48.0
STONE,22.0,252.0,48.0
STONE,22.0,253.0,48.0
STONE,22.0,254.0,48.0
STONE,22.0,255.0,48.0
GRASS,22.0,244.0,48.0
STONE,22.0,251.0,49.0
STONE,22.0,252.0,49.0
STONE,22.0,253.0,49.0
STONE,22.0,254.0,49.0
STONE,22.0,255.0,49.0
GRASS,22.0,250.0,49.0
STONE,22.0,251.0,50.0
STONE,22.0,252.0,50.0
STONE,22.0,253.0,50.0
STONE,22.0,254.0,50.0
STONE,22.0,255.0,50.0
GRASS,22.0,250.0,50.0
STONE,22.0,251.0,51.0
STONE,22.0,252.0,51.0
STONE,22.0,253.0,51.0
STONE,22.0,254.0,51.0
STONE,22.0,255.0,51.0
GRASS,22.0,250.0,51.0
STONE,22.0,251.0,52.0
STONE,22.0,252.0,52.0
STONE,22.0,253.0,52.0
STONE,22.0,254.0,52.0
STONE,22.0,255.0,52.0
GRASS,22.0,250.0,52.0
STONE,22.0,251.0,53.0
STONE,22.0,252.0,53.0
STONE,22.0,253.0,53.0
STONE,22.0,254.0,53.0
STONE,22.0,255.0,53.0
GRASS,22.0,250.0,53.0
STONE,22.0,251.0,54.0
STONE,22.0,252.0,54.0
STONE,22.0,253.0,54.0
STONE,22.0,254.0,54.0
STONE,22.0,255.0,54.0
GRASS,22.0,250.0,54.0
STONE,22.0,251.0,55.0
STONE,22.0,252.0,55.0
STONE,22.0,253.0,55.0
STONE,22.0,254.0,55.0
STONE,22.0,255.0,55.0
GRASS,22.0,250.0,55.0
STONE,22.0,254.0,56.0
STONE,22.0,255.0,56.0
GRASS,22.0,253.0,56.0
STONE,22.0,255.0,57.0
GRASS,22.0,254.0,57.0
GRASS,22.0,255.0,58.0
GRASS,22.0,255.0,59.0
GRASS,22.0,255.0,60.0
GRASS,22.0,255.0,61.0
GRASS,22.0,255.0,62.0
GRASS,22.0,255.0,63.0
STONE,23.0,251.0,48.0
STONE,23.0,252.0,48.0
STONE,23.0,253.0,48.0
STONE,23.0,254.0,48.0
STONE,23.0,255.0,48.0
GRASS,23.0,250.0,48.0
STONE,23.0,251.0,49.0
STONE,23.0,252.0,49.0
STONE,23.0,253.0,49.0
STONE,23.0,254.0,49.0
STONE,23.0,255.0,49.0
GRASS,23.0,250.0,49.0
STONE,23.0,251.0,50.0
STONE,23.0,252.0,50.0
STONE,23.0,253.0,50.0
STONE,23.0,254.0,50.0
STONE,23.0,255.0,50.0
GRASS,23.0,250.0,50.0
STONE,23.0,251.0,51.0
STONE,23.0,252.0,51.0
STONE,23.0,253.0,51.0
STONE,23.0,254.0,51.0
STONE,23.0,255.0,51.0
GRASS,23.0,250.0,51.0
STONE,23.0,251.0,52.0
STONE,23.0,252.0,52.0
STONE,23.0,253.0,52.0
STONE,23.0,254.0,52.0
STONE,23.0,255.0,52.0
GRASS,23.0,250.0,52.0
STONE,23.0,251.0,53.0
STONE,23.0,252.0,53.0
STONE,23.0,253.0,53.0
STONE,23.0,254.0,53.0
STONE,23.0,255.0,53.0
GRASS,23.0,250.0,53.0
STONE,23.0,251.0,54.0
STONE,23.0,252.0,54.0
STONE,23.0,253.0,54.0
STONE,23.0,254.0,54.0
STONE,23.0,255.0,54.0
GRASS,23.0,250.0,54.0
STONE,23.0,251.0,55.0
STONE,23.0,252.0,55.0
STONE,23.0,253.0,55.0
STONE,23.0,254.0,55.0
STONE,23.0,255.0,55.0
GRASS,23.0,250.0,55.0
STONE,23.0,251.0,56.0
STONE,23.0,252.0,56.0
STONE,23.0,253.0,56.0
STONE,23.0,254.0,56.0
STONE,23.0,255.0,56.0
GRASS,23.0,250.0,56.0
STONE,23.0,255.0,57.0
GRASS,23.0,254.0,57.0
GRASS,23.0,255.0,58.0
GRASS,23.0,255.0,59.0
GRASS,23.0,255.0,60.0
GRASS,23.0,255.0,61.0
GRASS,23.0,255.0,62.0
GRASS,23.0,255.0,63.0
STONE,24.0,254.0,48.0
STONE,24.0,255.0,48.0
GRASS,24.0,253.0,48.0
STONE,24.0,251.0,49.0
STONE,24.0,252.0,49.0
STONE,24.0,253.0,49.0
STONE,24.0,254.0,49.0
STONE,24.0,255.0,49.0
GRASS,24.0,250.0,49.0
STONE,24.0,255.0,50.0
GRASS,24.0,254.0,50.0
STONE,24.0,251.0,51.0
STONE,24.0,252.0,51.0
STONE,24.0,253.0,51.0
STONE,24.0,254.0,51.0
STONE,24.0,255.0,51.0
GRASS,24.0,250.0,51.0
STONE,24.0,251.0,52.0
STONE,24.0,252.0,52.0
STONE,24.0,253.0,52.0
STONE,24.0,254.0,52.0
STONE,24.0,255.0,52.0
GRASS,24.0,250.0,52.0
STONE,24.0,251.0,53.0
STONE,24.0,252.0,53.0
STONE,24.0,253.0,53.0
STONE,24.0,254.0,53.0
STONE,24.0,255.0,53.0
GRASS,24.0,250.0,53.0
STONE,24.0,251.0,54.0
STONE,24.0,252.0,54.0
STONE,24.0,253.0,54.0
STONE,24.0,254.0,54.0
STONE,24.0,255.0,54.0
GRASS,24.0,250.0,54.0
STONE,24.0,251.0,55.0
STONE,24.0,252.0,55.0
STONE,24.0,253.0,55.0
STONE,24.0,254.0,55.0
STONE,24.0,255.0,55.0
GRASS,24.0,250.0,55.0
STONE,24.0,255.0,56.0
GRASS,24.0,254.0,56.0
STONE,24.0,251.0,57.0
STONE,24.0,252.0,57.0
STONE,24.0,253.0,57.0
STONE,24.0,254.0,57.0
STONE,24.0,255.0,57.0
GRASS,24.0,250.0,57.0
GRASS,24.0,255.0,58.0
GRASS,24.0,255.0,59.0
STONE,24.0,255.0,60.0
LOG,24.0,253.0,60.0
LOG,24.0,252.0,60.0
LOG,24.0,251.0,60.0
LOG,24.0,250.0,60.0
LOG,24.0,249.0,60.0
LEAF,24.0,248.0,60.0
LEAF,23.0,249.0,60.0
LEAF,25.0,249.0,60.0
LEAF,24.0,249.0,59.0
LEAF,24.0,249.0,61.0
DIRT,24.0,254.0,60.0
GRASS,24.0,255.0,61.0
GRASS,24.0,255.0,62.0
GRASS,24.0,255.0,63.0
STONE,25.0,254.0,48.0
STONE,25.0,255.0,48.0
LOG,25.0,252.0,48.0
LOG,25.0,251.0,48.0
LOG,25.0,250.0,48.0
LOG,25.0,249.0,48.0
LOG,25.0,248.0,48.0
LEAF,25.0,247.0,48.0
LEAF,24.0,248.0,48.0
LEAF,26.0,248.0,48.0
LEAF,25.0,248.0,47.0
LEAF,25.0,248.0,49.0
GRASS,25.0,253.0,48.0
STONE,25.0,255.0,49.0
GRASS,25.0,254.0,49.0
STONE,25.0,255.0,50.0
GRASS,25.0,254.0,50.0
STONE,25.0,255.0,51.0
GRASS,25.0,254.0,51.0
STONE,25.0,251.0,52.0
STONE,25.0,252.0,52.0
STONE,25.0,253.0,52.0
STONE,25.0,254.0,52.0
STONE,25.0,255.0,52.0
GRASS,25.0,250.0,52.0
STONE,25.0,251.0,53.0
STONE,25.0,252.0,53.0
STONE,25.0,253.0,53.0
STONE,25.0,254.0,53.0
STONE,25.0,255.0,53.0
GRASS,25.0,250.0,53.0
STONE,25.0,251.0,54.0
STONE,25.0,252.0,54.0
STONE,25.0,253.0,54.0
STONE,25.0,254.0,54.0
STONE,25.0,255.0,54.0
GRASS,25.0,250.0,54.0
STONE,25.0,251.0,55.0
STONE,25.0,252.0,55.0
STONE,25.0,253.0,55.0
STONE,25.0,254.0,55.0
STONE,25.0,255.0,55.0
GRASS,25.0,250.0,55.0
STONE,25.0,251.0,56.0
STONE,25.0,252.0,56.0
STONE,25.0,253.0,56.0
STONE,25.0,254.0,56.0
STONE,25.0,255.0,56.0
GRASS,25.0,250.0,56.0
STONE,25.0,251.0,57.0
STONE,25.0,252.0,57.0
STONE,25.0,253.0,57.0
STONE,25.0,254.0,57.0
STONE,25.0,255.0,57.0
GRASS,25.0,250.0,57.0
STONE,25.0,251.0,58.0
STONE,25.0,252.0,58.0
STONE,25.0,253.0,58.0
STONE,25.0,254.0,58.0
STONE,25.0,255.0,58.0
GRASS,25.0,250.0,58.0
STONE,25.0,251.0,59.0
STONE,25.0,252.0,59.0
STONE,25.0,253.0,59.0
STONE,25.0,254.0,59.0
STONE,25.0,255.0,59.0
GRASS,25.0,250.0,59.0
GRASS,25.0,255.0,60.0
GRASS,25.0,255.0,61.0
GRASS,25.0,255.0,62.0
GRASS,25.0,255.0,63.0
STONE,26.0,255.0,48.0
GRASS,26.0,254.0,48.0
STONE,26.0,255.0,49.0
GRASS,26.0,254.0,49.0
STONE,26.0,254.0,50.0
STONE,26.0,255.0,50.0
GRASS,26.0,253.0,50.0
STONE,26.0,255.0,51.0
GRASS,26.0,254.0,51.0
STONE,26.0,255.0,52.0
GRASS,26.0,254.0,52.0
STONE,26.0,251.0,53.0
STONE,26.0,252.0,53.0
STONE,26.0,253.0,53.0
STONE,26.0,254.0,53.0
STONE,26.0,255.0,53.0
GRASS,26.0,250.0,53.0
STONE,26.0,251.0,54.0
STONE,26.0,252.0,54.0
STONE,26.0,253.0,54.0
STONE,26.0,254.0,54.0
STONE,26.0,255.0,54.0
GRASS,26.0,250.0,54.0
STONE,26.0,251.0,55.0
STONE,26.0,252.0,55.0
STONE,26.0,253.0,55.0
STONE,26.0,254.0,55.0
STONE,26.0,255.0,55.0
GRASS,26.0,250.0,55.0
STONE,26.0,251.0,56.0
STONE,26.0,252.0,56.0
STONE,26.0,253.0,56.0
STONE,26.0,254.0,56.0
STONE,26.0,255.0,56.0
GRASS,26.0,250.0,56.0
STONE,26.0,251.0,57.0
STONE,26.0,252.0,57.0
STONE,26.0,253.0,57.0
STONE,26.0,254.0,57.0
STONE,26.0,255.0,57.0
GRASS,26.0,250.0,57.0
STONE,26.0,251.0,58.0
STONE,26.0,252.0,58.0
STONE,26.0,253.0,58.0
STONE,26.0,254.0,58.0
STONE,26.0,255.0,58.0
GRASS,26.0,250.0,58.0
STONE,26.0,251.0,59.0
STONE,26.0,252.0,59.0
STONE,26.0,253.0,59.0
STONE,26.0,254.0,59.0
STONE,26.0,255.0,59.0
GRASS,26.0,250.0,59.0
STONE,26.0,251.0,60.0
STONE,26.0,252.0,60.0
STONE,26.0,253.0,60.0
STONE,26.0,254.0,60.0
STONE,26.0,255.0,60.0
GRASS,26.0,250.0,60.0
GRASS,26.0,255.0,61.0
GRASS,26.0,255.0,62.0
GRASS,26.0,255.0,63.0
GRASS,27.0,255.0,48.0
STONE,27.0,255.0,49.0
GRASS,27.0,254.0,49.0
STONE,27.0,255.0,50.0
GRASS,27.0,254.0,50.0
STONE,27.0,255.0,51.0
GRASS,27.0,254.0,51.0
STONE,27.0,251.0,52.0
STONE,27.0,252.0,52.0
STONE,27.0,253.0,52.0
STONE,27.0,254.0,52.0
STONE,27.0,255.0,52.0
GRASS,27.0,250.0,52.0
GRASS,27.0,255.0,53.0
STONE,27.0,251.0,54.0
STONE,27.0,252.0,54.0
STONE,27.0,253.0,54.0
STONE,27.0,254.0,54.0
STONE,27.0,255.0,54.0
GRASS,27.0,250.0,54.0
STONE,27.0,251.0,55.0
STONE,27.0,252.0,55.0
STONE,27.0,253.0,55.0
STONE,27.0,254.0,55.0
STONE,27.0,255.0,55.0
GRASS,27.0,250.0,55.0
STONE,27.0,251.0,56.0
STONE,27.0,252.0,56.0
STONE,27.0,253.0,56.0
STONE,27.0,254.0,56.0
STONE,27.0,255.0,56.0
GRASS,27.0,250.0,56.0
STONE,27.0,251.0,57.0
STONE,27.0,252.0,57.0
STONE,27.0,253.0,57.0
STONE,27.0,254.0,57.0
STONE,27.0,255.0,57.0
GRASS,27.0,250.0,57.0
STONE,27.0,251.0,58.0
STONE,27.0,252.0,58.0
STONE,27.0,253.0,58.0
STONE,27.0,254.0,58.0
STONE,27.0,255.0,58.0
GRASS,27.0,250.0,58.0
STONE,27.0,251.0,59.0
STONE,27.0,252.0,59.0
STONE,27.0,253.0,59.0
STONE,27.0,254.0,59.0
STONE,27.0,255.0,59.0
GRASS,27.0,250.0,59.0
STONE,27.0,251.0,60.0
STONE,27.0,252.0,60.0
STONE,27.0,253.0,60.0
STONE,27.0,254.0,60.0
STONE,27.0,255.0,60.0
GRASS,27.0,250.0,60.0
GRASS,27.0,255.0,61.0
GRASS,27.0,255.0,62.0
GRASS,27.0,255.0,63.0
GRASS,28.0,255.0,48.0
GRASS,28.0,255.0,49.0
STONE,28.0,255.0,50.0
GRASS,28.0,254.0,50.0
GRASS,28.0,255.0,51.0
GRASS,28.0,255.0,52.0
STONE,28.0,251.0,53.0
STONE,28.0,252.0,53.0
STONE,28.0,253.0,53.0
STONE,28.0,254.0,53.0
STONE,28.0,255.0,53.0
GRASS,28.0,250.0,53.0
STONE,28.0,251.0,54.0
STONE,28.0,252.0,54.0
STONE,28.0,253.0,54.0
STONE,28.0,254.0,54.0
STONE,28.0,255.0,54.0
GRASS,28.0,250.0,54.0
STONE,28.0,251.0,55.0
STONE,28.0,252.0,55.0
STONE,28.0,253.0,55.0
STONE,28.0,254.0,55.0
STONE,28.0,255.0,55.0
GRASS,28.0,250.0,55.0
STONE,28.0,251.0,56.0
STONE,28.0,252.0,56.0
STONE,28.0,253.0,56.0
STONE,28.0,254.0,56.0
STONE,28.0,255.0,56.0
GRASS,28.0,250.0,56.0
STONE,28.0,251.0,57.0
STONE,28.0,252.0,57.0
STONE,28.0,253.0,57.0
STONE,28.0,254.0,57.0
STONE,28.0,255.0,57.0
GRASS,28.0,250.0,57.0
STONE,28.0,251.0,58.0
STONE,28.0,252.0,58.0
STONE,28.0,253.0,58.0
STONE,28.0,254.0,58.0
STONE,28.0,255.0,58.0
GRASS,28.0,250.0,58.0
STONE,28.0,251.0,59.0
STONE,28.0,252.0,59.0
STONE,28.0,253.0,59.0
STONE,28.0,254.0,59.0
STONE,28.0,255.0,59.0
GRASS,28.0,250.0,59.0
STONE,28.0,251.0,60.0
STONE,28.0,252.0,60.0
STONE,28.0,253.0,60.0
STONE,28.0,254.0,60.0
STONE,28.0,255.0,60.0
LOG,28.0,249.0,60.0
LOG,28.0,248.0,60.0
LOG,28.0,247.0,60.0
LOG,28.0,246.0,60.0
LOG,28.0,245.0,60.0
LEAF,28.0,244.0,60.0
LEAF,27.0,245.0,60.0
LEAF,29.0,245.0,60.0
LEAF,28.0,245.0,59.0
LEAF,28.0,245.0,61.0
DIRT,28.0,250.0,60.0
STONE,28.0,251.0,61.0
STONE,28.0,252.0,61.0
STONE,28.0,253.0,61.0
STONE,28.0,254.0,61.0
STONE,28.0,255.0,61.0
GRASS,28.0,250.0,61.0
GRASS,28.0,255.0,62.0
GRASS,28.0,255.0,63.0
GRASS,29.0,255.0,48.0
GRASS,29.0,255.0,49.0
GRASS,29.0,255.0,50.0
GRASS,29.0,255.0,51.0
GRASS,29.0,255.0,52.0
GRASS,29.0,255.0,53.0
STONE,29.0,255.0,54.0
GRASS,29.0,254.0,54.0
STONE,29.0,251.0,55.0
STONE,29.0,252.0,55.0
STONE,29.0,253.0,55.0
STONE,29.0,254.0,55.0
STONE,29.0,255.0,55.0
GRASS,29.0,250.0,55.0
STONE,29.0,251.0,56.0
STONE,29.0,252.0,56.0
STONE,29.0,253.0,56.0
STONE,29.0,254.0,56.0
STONE,29.0,255.0,56.0
GRASS,29.0,250.0,56.0
STONE,29.0,251.0,57.0
STONE,29.0,252.0,57.0
STONE,29.0,253.0,57.0
STONE,29.0,254.0,57.0
STONE,29.0,255.0,57.0
GRASS,29.0,250.0,57.0
STONE,29.0,251.0,58.0
STONE,29.0,252.0,58.0
STONE,29.0,253.0,58.0
STONE,29.0,254.0,58.0
STONE,29.0,255.0,58.0
GRASS,29.0,250.0,58.0
STONE,29.0,251.0,59.0
STONE,29.0,252.0,59.0
STONE,29.0,253.0,59.0
STONE,29.0,254.0,59.0
STONE,29.0,255.0,59.0
GRASS,29.0,250.0,59.0
STONE,29.0,251.0,60.0
STONE,29.0,252.0,60.0
STONE,29.0,253.0,60.0
STONE,29.0,254.0,60.0
STONE,29.0,255.0,60.0
GRASS,29.0,250.0,60.0
GRASS,29.0,255.0,61.0
GRASS,29.0,255.0,62.0
STONE,29.0,255.0,63.0
GRASS,29.0,254.0,63.0
GRASS,30.0,255.0,48.0
GRASS,30.0,255.0,49.0
GRASS,30.0,255.0,50.0
GRASS,30.0,255.0,51.0
GRASS,30.0,255.0,52.0
STONE,30.0,255.0,53.0
GRASS,30.0,254.0,53.0
STONE,30.0,255.0,54.0
GRASS,30.0,254.0,54.0
STONE,30.0,255.0,55.0
GRASS,30.0,254.0,55.0
STONE,30.0,251.0,56.0
STONE,30.0,252.0,56.0
STONE,30.0,253.0,56.0
STONE,30.0,254.0,56.0
STONE,30.0,255.0,56.0
GRASS,30.0,250.0,56.0
STONE,30.0,251.0,57.0
STONE,30.0,252.0,57.0
STONE,30.0,253.0,57.0
STONE,30.0,254.0,57.0
STONE,30.0,255.0,57.0
GRASS,30.0,250.0,57.0
STONE,30.0,251.0,58.0
STONE,30.0,252.0,58.0
STONE,30.0,253.0,58.0
STONE,30.0,254.0,58.0
STONE,30.0,255.0,58.0
GRASS,30.0,250.0,58.0
STONE,30.0,251.0,59.0
STONE,30.0,252.0,59.0
STONE,30.0,253.0,59.0
STONE,30.0,254.0,59.0
STONE,30.0,255.0,59.0
GRASS,30.0,250.0,59.0
STONE,30.0,251.0,60.0
STONE,30.0,252.0,60.0
STONE,30.0,253.0,60.0
STONE,30.0,254.0,60.0
STONE,30.0,255.0,60.0
GRASS,30.0,250.0,60.0
GRASS,30.0,255.0,61.0
STONE,30.0,255.0,62.0
GRASS,30.0,254.0,62.0
STONE,30.0,255.0,63.0
GRASS,30.0,254.0,63.0
GRASS,31.0,255.0,48.0
GRASS,31.0,255.0,49.0
GRASS,31.0,255.0,50.0
GRASS,31.0,255.0,51.0
STONE,31.0,255.0,52.0
GRASS,31.0,254.0,52.0
STONE,31.0,255.0,53.0
GRASS,31.0,254.0,53.0
STONE,31.0,254.0,54.0
STONE,31.0,255.0,54.0
GRASS,31.0,253.0,54.0
STONE,31.0,255.0,55.0
GRASS,31.0,254.0,55.0
STONE,31.0,255.0,56.0
GRASS,31.0,254.0,56.0
STONE,31.0,251.0,57.0
STONE,31.0,252.0,57.0
STONE,31.0,253.0,57.0
STONE,31.0,254.0,57.0
STONE,31.0,255.0,57.0
GRASS,31.0,250.0,57.0
STONE,31.0,251.0,58.0
STONE,31.0,252.0,58.0
STONE,31.0,253.0,58.0
STONE,31.0,254.0,58.0
STONE,31.0,255.0,58.0
GRASS,31.0,250.0,58.0
STONE,31.0,251.0,59.0
STONE,31.0,252.0,59.0
STONE,31.0,253.0,59.0
STONE,31.0,254.0,59.0
STONE,31.0,255.0,59.0
GRASS,31.0,250.0,59.0
LOG,31.0,254.0,60.0
LOG,31.0,253.0,60.0
LOG,31.0,252.0,60.0
LOG,31.0,251.0,60.0
LEAF,31.0,250.0,60.0
LEAF,30.0,251.0,60.0
LEAF,32.0,251.0,60.0
LEAF,31.0,251.0,59.0
LEAF,31.0,251.0,61.0
DIRT,31.0,255.0,60.0
LOG,31.0,254.0,61.0
LOG,31.0,253.0,61.0
LOG,31.0,252.0,61.0
LOG,31.0,250.0,61.0
LEAF,31.0,249.0,61.0
LEAF,30.0,250.0,61.0
LEAF,32.0,250.0,61.0
LEAF,31.0,250.0,60.0
LEAF,31.0,250.0,62.0
DIRT,31.0,255.0,61.0
GRASS,31.0,255.0,62.0
STONE,31.0,255.0,63.0
GRASS,31.0,254.0,63.0
