GRASS,16.0,255.0,0.0
GRASS,16.0,255.0,1.0
GRASS,16.0,255.0,2.0
GRASS,16.0,255.0,3.0
GRASS,16.0,255.0,4.0
GRASS,16.0,255.0,5.0
GRASS,16.0,255.0,6.0
GRASS,16.0,255.0,7.0
GRASS,16.0,255.0,8.0
GRASS,16.0,255.0,9.0
GRASS,16.0,255.0,10.0
GRASS,16.0,255.0,11.0
GRASS,16.0,255.0,12.0
GRASS,16.0,255.0,13.0
GRASS,16.0,255.0,14.0
GRASS,16.0,255.0,15.0
GRASS,17.0,255.0,0.0
GRASS,17.0,255.0,1.0
GRASS,17.0,255.0,2.0
GRASS,17.0,255.0,3.0
GRASS,17.0,255.0,4.0
GRASS,17.0,255.0,5.0
GRASS,17.0,255.0,6.0
GRASS,17.0,255.0,7.0
GRASS,17.0,255.0,8.0
GRASS,17.0,255.0,9.0
GRASS,17.0,255.0,10.0
GRASS,17.0,255.0,11.0
GRASS,17.0,255.0,12.0
GRASS,17.0,255.0,13.0
GRASS,17.0,255.0,14.0
GRASS,17.0,255.0,15.0
GRASS,18.0,255.0,0.0
GRASS,18.0,255.0,1.0
GRASS,18.0,255.0,2.0
GRASS,18.0,255.0,3.0
GRASS,18.0,255.0,4.0
GRASS,18.0,255.0,5.0
GRASS,18.0,255.0,6.0
GRASS,18.0,254.0,7.0
GRASS,18.0,255.0,8.0
GRASS,18.0,255.0,9.0
GRASS,18.0,255.0,10.0
GRASS,18.0,255.0,11.0
GRASS,18.0,255.0,12.0
GRASS,18.0,255.0,13.0
GRASS,18.0,254.0,14.0
GRASS,18.0,255.0,15.0
GRASS,19.0,255.0,0.0
GRASS,19.0,255.0,1.0
GRASS,19.0,255.0,2.0
GRASS,19.0,255.0,3.0
GRASS,19.0,255.0,4.0
GRASS,19.0,255.0,5.0
GRASS,19.0,255.0,6.0
GRASS,19.0,255.0,7.0
GRASS,19.0,255.0,8.0
GRASS,19.0,255.0,9.0
GRASS,19.0,255.0,10.0
GRASS,19.0,255.0,11.0
GRASS,19.0,255.0,12.0
GRASS,19.0,255.0,13.0
GRASS,19.0,255.0,14.0
GRASS,19.0,255.0,15.0
GRASS,20.0,255.0,0.0
GRASS,20.0,255.0,1.0
GRASS,20.0,255.0,2.0
GRASS,20.0,255.0,3.0
GRASS,20.0,254.0,4.0
GRASS,20.0,255.0,5.0
GRASS,20.0,255.0,6.0
GRASS,20.0,255.0,7.0
GRASS,20.0,255.0,8.0
GRASS,20.0,255.0,9.0
GRASS,20.0,255.0,10.0
GRASS,20.0,255.0,11.0
GRASS,20.0,255.0,12.0
GRASS,20.0,255.0,13.0
GRASS,20.0,251.0,14.0
GRASS,20.0,255.0,15.0
GRASS,21.0,255.0,0.0
GRASS,21.0,255.0,1.0
GRASS,21.0,255.0,2.0
GRASS,21.0,255.0,3.0
GRASS,21.0,255.0,4.0
GRASS,21.0,255.0,5.0
GRASS,21.0,255.0,6.0
GRASS,21.0,255.0,7.0
GRASS,21.0,255.0,8.0
GRASS,21.0,255.0,9.0
GRASS,21.0,255.0,10.0
GRASS,21.0,255.0,11.0
GRASS,21.0,251.0,12.0
GRASS,21.0,251.0,13.0
GRASS,21.0,251.0,14.0
GRASS,21.0,251.0,15.0
GRASS,22.0,255.0,0.0
GRASS,22.0,255.0,1.0
GRASS,22.0,255.0,2.0
LOG,22.0,253.0,3.0
LOG,22.0,252.0,3.0
LOG,22.0,251.0,3.0
LOG,22.0,250.0,3.0
LEAF,22.0,249.0,3.0
LEAF,21.0,250.0,3.0
LEAF,23.0,250.0,3.0
LEAF,22.0,250.0,2.0
LEAF,22.0,250.0,4.0
GRASS,22.0,254.0,3.0
GRASS,22.0,255.0,4.0
GRASS,22.0,255.0,5.0
GRASS,22.0,255.0,6.0
GRASS,22.0,255.0,7.0
GRASS,22.0,255.0,8.0
GRASS,22.0,255.0,9.0
GRASS,22.0,255.0,10.0
GRASS,22.0,255.0,11.0
GRASS,22.0,251.0,12.0
GRASS,22.0,251.0,13.0
GRASS,22.0,251.0,14.0
GRASS,22.0,251.0,15.0
GRASS,23.0,255.0,0.0
GRASS,23.0,255.0,1.0
LOG,23.0,253.0,2.0
LOG,23.0,252.0,2.0
LOG,23.0,251.0,2.0
LOG,23.0,250.0,2.0
LOG,23.0,249.0,2.0
LEAF,23.0,248.0,2.0
LEAF,22.0,249.0,2.0
LEAF,24.0,249.0,2.0
LEAF,23.0,249.0,1.0
LEAF,23.0,249.0,3.0
GRASS,23.0,254.0,2.0
GRASS,23.0,254.0,3.0
GRASS,23.0,254.0,4.0
GRASS,23.0,255.0,5.0
GRASS,23.0,255.0,6.0
GRASS,23.0,255.0,7.0
GRASS,23.0,255.0,8.0
GRASS,23.0,255.0,9.0
GRASS,23.0,255.0,10.0
GRASS,23.0,251.0,11.0
GRASS,23.0,251.0,12.0
GRASS,23.0,251.0,13.0
GRASS,23.0,251.0,14.0
GRASS,23.0,251.0,15.0
GRASS,24.0,255.0,0.0
GRASS,24.0,254.0,1.0
GRASS,24.0,254.0,2.0
GRASS,24.0,253.0,3.0
GRASS,24.0,254.0,4.0
GRASS,24.0,254.0,5.0
GRASS,24.0,255.0,6.0
GRASS,24.0,255.0,7.0
GRASS,24.0,255.0,8.0
GRASS,24.0,255.0,9.0
GRASS,24.0,255.0,10.0
LOG,24.0,254.0,11.0
LOG,24.0,253.0,11.0
LOG,24.0,252.0,11.0
LOG,24.0,251.0,11.0
LOG,24.0,250.0,11.0
LEAF,24.0,249.0,11.0
LEAF,23.0,250.0,11.0
LEAF,25.0,250.0,11.0
LEAF,24.0,250.0,10.0
LEAF,24.0,250.0,12.0
GRASS,24.0,255.0,11.0
GRASS,24.0,251.0,12.0
GRASS,24.0,251.0,13.0
GRASS,24.0,251.0,14.0
GRASS,24.0,251.0,15.0
GRASS,25.0,255.0,0.0
GRASS,25.0,255.0,1.0
GRASS,25.0,254.0,2.0
GRASS,25.0,254.0,3.0
GRASS,25.0,254.0,4.0
GRASS,25.0,255.0,5.0
GRASS,25.0,255.0,6.0
GRASS,25.0,255.0,7.0
GRASS,25.0,255.0,8.0
GRASS,25.0,255.0,9.0
GRASS,25.0,255.0,10.0
GRASS,25.0,255.0,11.0
GRASS,25.0,251.0,12.0
GRASS,25.0,251.0,13.0
GRASS,25.0,251.0,14.0
GRASS,25.0,251.0,15.0
GRASS,26.0,255.0,0.0
GRASS,26.0,255.0,1.0
GRASS,26.0,255.0,2.0
GRASS,26.0,254.0,3.0
GRASS,26.0,254.0,4.0
GRASS,26.0,255.0,5.0
GRASS,26.0,255.0,6.0
GRASS,26.0,255.0,7.0
GRASS,26.0,255.0,8.0
GRASS,26.0,255.0,9.0
GRASS,26.0,255.0,10.0
GRASS,26.0,255.0,11.0
GRASS,26.0,252.0,12.0
GRASS,26.0,255.0,13.0
GRASS,26.0,251.0,14.0
GRASS,26.0,251.0,15.0
GRASS,27.0,255.0,0.0
GRASS,27.0,255.0,1.0
GRASS,27.0,255.0,2.0
GRASS,27.0,254.0,3.0
GRASS,27.0,254.0,4.0
GRASS,27.0,254.0,5.0
GRASS,27.0,255.0,6.0
GRASS,27.0,255.0,7.0
GRASS,27.0,255.0,8.0
GRASS,27.0,255.0,9.0
GRASS,27.0,252.0,10.0
GRASS,27.0,252.0,11.0
GRASS,27.0,252.0,12.0
GRASS,27.0,252.0,13.0
GRASS,27.0,252.0,14.0
GRASS,27.0,253.0,15.0
GRASS,28.0,255.0,0.0
GRASS,28.0,255.0,1.0
GRASS,28.0,254.0,2.0
GRASS,28.0,254.0,3.0
GRASS,28.0,253.0,4.0
GRASS,28.0,254.0,5.0
GRASS,28.0,254.0,6.0
GRASS,28.0,255.0,7.0
GRASS,28.0,255.0,8.0
GRASS,28.0,252.0,9.0
GRASS,28.0,252.0,10.0
GRASS,28.0,252.0,11.0
GRASS,28.0,252.0,12.0
GRASS,28.0,252.0,13.0
GRASS,28.0,252.0,14.0
GRASS,28.0,252.0,15.0
GRASS,29.0,255.0,0.0
GRASS,29.0,255.0,1.0
GRASS,29.0,255.0,2.0
GRASS,29.0,254.0,3.0
GRASS,29.0,254.0,4.0
GRASS,29.0,254.0,5.0
GRASS,29.0,255.0,6.0
GRASS,29.0,255.0,7.0
GRASS,29.0,255.0,8.0
GRASS,29.0,252.0,9.0
LOG,29.0,251.0,10.0
LOG,29.0,250.0,10.0
LOG,29.0,249.0,10.0
LOG,29.0,248.0,10.0
LOG,29.0,247.0,10.0
LEAF,29.0,246.0,10.0
LEAF,28.0,247.0,10.0
LEAF,30.0,247.0,10.0
LEAF,29.0,247.0,9.0
LEAF,29.0,247.0,11.0
GRASS,29.0,252.0,10.0
GRASS,29.0,252.0,11.0
GRASS,29.0,252.0,12.0
GRASS,29.0,252.0,13.0
GRASS,29.0,254.0,14.0
GRASS,29.0,252.0,15.0
GRASS,30.0,255.0,0.0
GRASS,30.0,255.0,1.0
GRASS,30.0,255.0,2.0
GRASS,30.0,255.0,3.0
GRASS,30.0,254.0,4.0
GRASS,30.0,255.0,5.0
GRASS,30.0,255.0,6.0
GRASS,30.0,254.0,7.0
GRASS,30.0,252.0,8.0
GRASS,30.0,254.0,9.0
GRASS,30.0,252.0,10.0
GRASS,30.0,252.0,11.0
GRASS,30.0,250.0,12.0
GRASS,30.0,254.0,13.0
GRASS,30.0,254.0,14.0
GRASS,30.0,254.0,15.0
GRASS,31.0,255.0,0.0
GRASS,31.0,255.0,1.0
GRASS,31.0,255.0,2.0
GRASS,31.0,255.0,3.0
GRASS,31.0,255.0,4.0
GRASS,31.0,255.0,5.0
GRASS,31.0,255.0,6.0
GRASS,31.0,255.0,7.0
GRASS,31.0,254.0,8.0
GRASS,31.0,254.0,9.0
GRASS,31.0,254.0,10.0
GRASS,31.0,252.0,11.0
GRASS,31.0,254.0,12.0
GRASS,31.0,254.0,13.0
GRASS,31.0,253.0,14.0
GRASS,31.0,254.0,15.0
