GRASS,16.0,255.0,64.0
GRASS,16.0,255.0,65.0
GRASS,16.0,255.0,66.0
GRASS,16.0,255.0,67.0
STONE,16.0,254.0,68.0
STONE,16.0,255.0,68.0
GRASS,16.0,253.0,68.0
STONE,16.0,254.0,69.0
STONE,16.0,255.0,69.0
GRASS,16.0,253.0,69.0
STONE,16.0,254.0,70.0
STONE,16.0,255.0,70.0
GRASS,16.0,253.0,70.0
STONE,16.0,254.0,71.0
STONE,16.0,255.0,71.0
GRASS,16.0,253.0,71.0
STONE,16.0,254.0,72.0
STONE,16.0,255.0,72.0
GRASS,16.0,253.0,72.0
GRASS,16.0,255.0,73.0
STONE,16.0,251.0,74.0
STONE,16.0,252.0,74.0
STONE,16.0,253.0,74.0
STONE,16.0,254.0,74.0
STONE,16.0,255.0,74.0
GRASS,16.0,250.0,74.0
GRASS,16.0,255.0,75.0
GRASS,16.0,255.0,76.0
GRASS,16.0,255.0,77.0
GRASS,16.0,255.0,78.0
GRASS,16.0,255.0,79.0
GRASS,17.0,255.0,64.0
GRASS,17.0,255.0,65.0
GRASS,17.0,255.0,66.0
GRASS,17.0,255.0,67.0
STONE,17.0,255.0,68.0
GRASS,17.0,254.0,68.0
STONE,17.0,255.0,69.0
GRASS,17.0,254.0,69.0
STONE,17.0,254.0,70.0
STONE,17.0,255.0,70.0
GRASS,17.0,253.0,70.0
GRASS,17.0,255.0,71.0
STONE,17.0,251.0,72.0
STONE,17.0,252.0,72.0
STONE,17.0,253.0,72.0
STONE,17.0,254.0,72.0
STONE,17.0,255.0,72.0
GRASS,17.0,250.0,72.0
STONE,17.0,251.0,73.0
STONE,17.0,252.0,73.0
STONE,17.0,253.0,73.0
STONE,17.0,254.0,73.0
STONE,17.0,255.0,73.0
LOG,17.0,249.0,73.0
LOG,17.0,248.0,73.0
LOG,17.0,247.0,73.0
LOG,17.0,246.0,73.0
LOG,17.0,245.0,73.0
LEAF,17.0,244.0,73.0
LEAF,16.0,245.0,73.0
LEAF,18.0,245.0,73.0
LEAF,17.0,245.0,72.0
LEAF,17.0,245.0,74.0
DIRT,17.0,250.0,73.0
STONE,17.0,251.0,74.0
STONE,17.0,252.0,74.0
STONE,17.0,253.0,74.0
STONE,17.0,254.0,74.0
STONE,17.0,255.0,74.0
LOG,17.0,249.0,74.0
LOG,17.0,248.0,74.0
LOG,17.0,247.0,74.0
LOG,17.0,246.0,74.0
LEAF,17.0,245.0,74.0
LEAF,16.0,246.0,74.0
LEAF,18.0,246.0,74.0
LEAF,17.0,246.0,73.0
LEAF,17.0,246.0,75.0
DIRT,17.0,250.0,74.0
STONE,17.0,251.0,75.0
STONE,17.0,252.0,75.0
STONE,17.0,253.0,75.0
STONE,17.0,254.0,75.0
STONE,17.0,255.0,75.0
GRASS,17.0,250.0,75.0
GRASS,17.0,255.0,76.0
STONE,17.0,255.0,77.0
GRASS,17.0,254.0,77.0
GRASS,17.0,255.0,78.0
GRASS,17.0,255.0,79.0
GRASS,18.0,255.0,64.0
GRASS,18.0,255.0,65.0
GRASS,18.0,255.0,66.0
GRASS,18.0,255.0,67.0
GRASS,18.0,255.0,68.0
GRASS,18.0,255.0,69.0
GRASS,18.0,255.0,70.0
STONE,18.0,251.0,71.0
STONE,18.0,252.0,71.0
STONE,18.0,253.0,71.0
STONE,18.0,254.0,71.0
STONE,18.0,255.0,71.0
GRASS,18.0,250.0,71.0
STONE,18.0,251.0,72.0
STONE,18.0,252.0,72.0
STONE,18.0,253.0,72.0
STONE,18.0,254.0,72.0
STONE,18.0,255.0,72.0
GRASS,18.0,250.0,72.0
STONE,18.0,251.0,73.0
STONE,18.0,252.0,73.0
STONE,18.0,253.0,73.0
STONE,18.0,254.0,73.0
STONE,18.0,255.0,73.0
GRASS,18.0,250.0,73.0
STONE,18.0,251.0,74.0
STONE,18.0,252.0,74.0
STONE,18.0,253.0,74.0
STONE,18.0,254.0,74.0
STONE,18.0,255.0,74.0
GRASS,18.0,250.0,74.0
STONE,18.0,251.0,75.0
STONE,18.0,252.0,75.0
STONE,18.0,253.0,75.0
STONE,18.0,254.0,75.0
STONE,18.0,255.0,75.0
GRASS,18.0,250.0,75.0
GRASS,18.0,255.0,76.0
GRASS,18.0,255.0,77.0
GRASS,18.0,255.0,78.0
GRASS,18.0,255.0,79.0
GRASS,19.0,255.0,64.0
GRASS,19.0,255.0,65.0
GRASS,19.0,255.0,66.0
GRASS,19.0,255.0,67.0
GRASS,19.0,255.0,68.0
GRASS,19.0,255.0,69.0
GRASS,19.0,255.0,70.0
STONE,19.0,251.0,71.0
STONE,19.0,252.0,71.0
STONE,19.0,253.0,71.0
STONE,19.0,254.0,71.0
STONE,19.0,255.0,71.0
GRASS,19.0,250.0,71.0
STONE,19.0,251.0,72.0
STONE,19.0,252.0,72.0
STONE,19.0,253.0,72.0
STONE,19.0,254.0,72.0
STONE,19.0,255.0,72.0
GRASS,19.0,250.0,72.0
STONE,19.0,251.0,73.0
STONE,19.0,252.0,73.0
STONE,19.0,253.0,73.0
STONE,19.0,254.0,73.0
STONE,19.0,255.0,73.0
GRASS,19.0,250.0,73.0
STONE,19.0,251.0,74.0
STONE,19.0,252.0,74.0
STONE,19.0,253.0,74.0
STONE,19.0,254.0,74.0
STONE,19.0,255.0,74.0
GRASS,19.0,250.0,74.0
STONE,19.0,251.0,75.0
STONE,19.0,252.0,75.0
STONE,19.0,253.0,75.0
STONE,19.0,254.0,75.0
STONE,19.0,255.0,75.0
GRASS,19.0,250.0,75.0
GRASS,19.0,255.0,76.0
GRASS,19.0,255.0,77.0
GRASS,19.0,255.0,78.0
GRASS,19.0,255.0,79.0
GRASS,20.0,255.0,64.0
GRASS,20.0,255.0,65.0
GRASS,20.0,255.0,66.0
GRASS,20.0,255.0,67.0
GRASS,20.0,255.0,68.0
GRASS,20.0,255.0,69.0
STONE,20.0,251.0,70.0
STONE,20.0,252.0,70.0
STONE,20.0,253.0,70.0
STONE,20.0,254.0,70.0
STONE,20.0,255.0,70.0
GRASS,20.0,250.0,70.0
STONE,20.0,252.0,71.0
STONE,20.0,253.0,71.0
STONE,20.0,254.0,71.0
STONE,20.0,255.0,71.0
GRASS,20.0,251.0,71.0
STONE,20.0,251.0,72.0
STONE,20.0,252.0,72.0
STONE,20.0,253.0,72.0
STONE,20.0,254.0,72.0
STONE,20.0,255.0,72.0
GRASS,20.0,250.0,72.0
STONE,20.0,251.0,73.0
STONE,20.0,252.0,73.0
STONE,20.0,253.0,73.0
STONE,20.0,254.0,73.0
STONE,20.0,255.0,73.0
GRASS,20.0,250.0,73.0
STONE,20.0,251.0,74.0
STONE,20.0,252.0,74.0
STONE,20.0,253.0,74.0
STONE,20.0,254.0,74.0
STONE,20.0,255.0,74.0
GRASS,20.0,250.0,74.0
STONE,20.0,251.0,75.0
STONE,20.0,252.0,75.0
STONE,20.0,253.0,75.0
STONE,20.0,254.0,75.0
STONE,20.0,255.0,75.0
GRASS,20.0,250.0,75.0
GRASS,20.0,255.0,76.0
GRASS,20.0,255.0,77.0
GRASS,20.0,255.0,78.0
GRASS,20.0,255.0,79.0
GRASS,21.0,255.0,64.0
GRASS,21.0,255.0,65.0
GRASS,21.0,255.0,66.0
GRASS,21.0,255.0,67.0
GRASS,21.0,255.0,68.0
STONE,21.0,252.0,69.0
STONE,21.0,253.0,69.0
STONE,21.0,254.0,69.0
STONE,21.0,255.0,69.0
GRASS,21.0,251.0,69.0
STONE,21.0,252.0,70.0
STONE,21.0,253.0,70.0
STONE,21.0,254.0,70.0
STONE,21.0,255.0,70.0
GRASS,21.0,251.0,70.0
STONE,21.0,252.0,71.0
STONE,21.0,253.0,71.0
STONE,21.0,254.0,71.0
STONE,21.0,255.0,71.0
GRASS,21.0,251.0,71.0
STONE,21.0,252.0,72.0
STONE,21.0,253.0,72.0
STONE,21.0,254.0,72.0
STONE,21.0,255.0,72.0
GRASS,21.0,251.0,72.0
STONE,21.0,252.0,73.0
STONE,21.0,253.0,73.0
STONE,21.0,254.0,73.0
STONE,21.0,255.0,73.0
GRASS,21.0,251.0,73.0
STONE,21.0,251.0,74.0
STONE,21.0,252.0,74.0
STONE,21.0,253.0,74.0
STONE,21.0,254.0,74.0
STONE,21.0,255.0,74.0
GRASS,21.0,250.0,74.0
STONE,21.0,251.0,75.0
STONE,21.0,252.0,75.0
STONE,21.0,253.0,75.0
STONE,21.0,254.0,75.0
STONE,21.0,255.0,75.0
GRASS,21.0,250.0,75.0
GRASS,21.0,255.0,76.0
GRASS,21.0,255.0,77.0
GRASS,21.0,255.0,78.0
GRASS,21.0,255.0,79.0
GRASS,22.0,255.0,64.0
GRASS,22.0,255.0,65.0
GRASS,22.0,255.0,66.0
GRASS,22.0,255.0,67.0
GRASS,22.0,255.0,68.0
STONE,22.0,252.0,69.0
STONE,22.0,253.0,69.0
STONE,22.0,254.0,69.0
STONE,22.0,255.0,69.0
GRASS,22.0,251.0,69.0
STONE,22.0,252.0,70.0
STONE,22.0,253.0,70.0
STONE,22.0,254.0,70.0
STONE,22.0,255.0,70.0
GRASS,22.0,251.0,70.0
STONE,22.0,252.0,71.0
STONE,22.0,253.0,71.0
STONE,22.0,254.0,71.0
STONE,22.0,255.0,71.0
GRASS,22.0,251.0,71.0
STONE,22.0,252.0,72.0
STONE,22.0,253.0,72.0
STONE,22.0,254.0,72.0
STONE,22.0,255.0,72.0
GRASS,22.0,251.0,72.0
STONE,22.0,252.0,73.0
STONE,22.0,253.0,73.0
STONE,22.0,254.0,73.0
STONE,22.0,255.0,73.0
GRASS,22.0,251.0,73.0
STONE,22.0,251.0,74.0
STONE,22.0,252.0,74.0
STONE,22.0,253.0,74.0
STONE,22.0,254.0,74.0
STONE,22.0,255.0,74.0
GRASS,22.0,250.0,74.0
STONE,22.0,251.0,75.0
STONE,22.0,252.0,75.0
STONE,22.0,253.0,75.0
STONE,22.0,254.0,75.0
STONE,22.0,255.0,75.0
GRASS,22.0,250.0,75.0
GRASS,22.0,255.0,76.0
GRASS,22.0,255.0,77.0
GRASS,22.0,255.0,78.0
GRASS,22.0,255.0,79.0
GRASS,23.0,255.0,64.0
GRASS,23.0,255.0,65.0
GRASS,23.0,255.0,66.0
GRASS,23.0,255.0,67.0
STONE,23.0,252.0,68.0
STONE,23.0,253.0,68.0
STONE,23.0,254.0,68.0
STONE,23.0,255.0,68.0
GRASS,23.0,251.0,68.0
STONE,23.0,252.0,69.0
STONE,23.0,253.0,69.0
STONE,23.0,254.0,69.0
STONE,23.0,255.0,69.0
GRASS,23.0,251.0,69.0
STONE,23.0,252.0,70.0
STONE,23.0,253.0,70.0
STONE,23.0,254.0,70.0
STONE,23.0,255.0,70.0
GRASS,23.0,251.0,70.0
STONE,23.0,252.0,71.0
STONE,23.0,253.0,71.0
STONE,23.0,254.0,71.0
STONE,23.0,255.0,71.0
GRASS,23.0,251.0,71.0
STONE,23.0,252.0,72.0
STONE,23.0,253.0,72.0
STONE,23.0,254.0,72.0
STONE,23.0,255.0,72.0
GRASS,23.0,251.0,72.0
STONE,23.0,252.0,73.0
STONE,23.0,253.0,73.0
STONE,23.0,254.0,73.0
STONE,23.0,255.0,73.0
GRASS,23.0,251.0,73.0
STONE,23.0,252.0,74.0
STONE,23.0,253.0,74.0
STONE,23.0,254.0,74.0
STONE,23.0,255.0,74.0
GRASS,23.0,251.0,74.0
STONE,23.0,251.0,75.0
STONE,23.0,252.0,75.0
STONE,23.0,253.0,75.0
STONE,23.0,254.0,75.0
STONE,23.0,255.0,75.0
GRASS,23.0,250.0,75.0
GRASS,23.0,255.0,76.0
GRASS,23.0,255.0,77.0
GRASS,23.0,255.0,78.0
GRASS,23.0,255.0,79.0
GRASS,24.0,255.0,64.0
GRASS,24.0,255.0,65.0
GRASS,24.0,255.0,66.0
GRASS,24.0,255.0,67.0
GRASS,24.0,255.0,68.0
STONE,24.0,252.0,69.0
STONE,24.0,253.0,69.0
STONE,24.0,254.0,69.0
STONE,24.0,255.0,69.0
GRASS,24.0,251.0,69.0
STONE,24.0,252.0,70.0
STONE,24.0,253.0,70.0
STONE,24.0,254.0,70.0
STONE,24.0,255.0,70.0
GRASS,24.0,251.0,70.0
STONE,24.0,252.0,71.0
STONE,24.0,253.0,71.0
STONE,24.0,254.0,71.0
STONE,24.0,255.0,71.0
GRASS,24.0,251.0,71.0
STONE,24.0,252.0,72.0
STONE,24.0,253.0,72.0
STONE,24.0,254.0,72.0
STONE,24.0,255.0,72.0
GRASS,24.0,251.0,72.0
STONE,24.0,252.0,73.0
STONE,24.0,253.0,73.0
STONE,24.0,254.0,73.0
STONE,24.0,255.0,73.0
GRASS,24.0,251.0,73.0
STONE,24.0,251.0,74.0
STONE,24.0,252.0,74.0
STONE,24.0,253.0,74.0
STONE,24.0,254.0,74.0
STONE,24.0,255.0,74.0
GRASS,24.0,250.0,74.0
GRASS,24.0,255.0,75.0
GRASS,24.0,255.0,76.0
STONE,24.0,255.0,77.0
GRASS,24.0,254.0,77.0
GRASS,24.0,255.0,78.0
GRASS,24.0,255.0,79.0
GRASS,25.0,255.0,64.0
GRASS,25.0,255.0,65.0
GRASS,25.0,255.0,66.0
GRASS,25.0,255.0,67.0
GRASS,25.0,255.0,68.0
STONE,25.0,252.0,69.0
STONE,25.0,253.0,69.0
STONE,25.0,254.0,69.0
STONE,25.0,255.0,69.0
GRASS,25.0,251.0,69.0
STONE,25.0,252.0,70.0
STONE,25.0,253.0,70.0
STONE,25.0,254.0,70.0
STONE,25.0,255.0,70.0
GRASS,25.0,251.0,70.0
STONE,25.0,252.0,71.0
STONE,25.0,253.0,71.0
STONE,25.0,254.0,71.0
STONE,25.0,255.0,71.0
GRASS,25.0,251.0,71.0
STONE,25.0,252.0,72.0
STONE,25.0,253.0,72.0
STONE,25.0,254.0,72.0
STONE,25.0,255.0,72.0
GRASS,25.0,251.0,72.0
STONE,25.0,252.0,73.0
STONE,25.0,253.0,73.0
STONE,25.0,254.0,73.0
STONE,25.0,255.0,73.0
GRASS,25.0,251.0,73.0
GRASS,25.0,255.0,74.0
GRASS,25.0,255.0,75.0
STONE,25.0,255.0,76.0
GRASS,25.0,254.0,76.0
STONE,25.0,255.0,77.0
GRASS,25.0,254.0,77.0
STONE,25.0,255.0,78.0
GRASS,25.0,254.0,78.0
GRASS,25.0,255.0,79.0
GRASS,26.0,255.0,64.0
GRASS,26.0,255.0,65.0
GRASS,26.0,255.0,66.0
STONE,26.0,255.0,67.0
GRASS,26.0,254.0,67.0
GRASS,26.0,255.0,68.0
GRASS,26.0,255.0,69.0
STONE,26.0,255.0,70.0
GRASS,26.0,254.0,70.0
STONE,26.0,252.0,71.0
STONE,26.0,253.0,71.0
STONE,26.0,254.0,71.0
STONE,26.0,255.0,71.0
GRASS,26.0,251.0,71.0
GRASS,26.0,255.0,72.0
GRASS,26.0,255.0,73.0
GRASS,26.0,255.0,74.0
GRASS,26.0,255.0,75.0
GRASS,26.0,255.0,76.0
STONE,26.0,255.0,77.0
GRASS,26.0,254.0,77.0
GRASS,26.0,255.0,78.0
GRASS,26.0,255.0,79.0
GRASS,27.0,255.0,64.0
GRASS,27.0,255.0,65.0
STONE,27.0,255.0,66.0
GRASS,27.0,254.0,66.0
STONE,27.0,255.0,67.0
GRASS,27.0,254.0,67.0
STONE,27.0,255.0,68.0
GRASS,27.0,254.0,68.0
STONE,27.0,255.0,69.0
GRASS,27.0,254.0,69.0
STONE,27.0,255.0,70.0
GRASS,27.0,254.0,70.0
STONE,27.0,254.0,71.0
STONE,27.0,255.0,71.0
GRASS,27.0,253.0,71.0
STONE,27.0,255.0,72.0
GRASS,27.0,254.0,72.0
GRASS,27.0,255.0,73.0
GRASS,27.0,255.0,74.0
GRASS,27.0,255.0,75.0
GRASS,27.0,255.0,76.0
GRASS,27.0,255.0,77.0
GRASS,27.0,255.0,78.0
GRASS,27.0,255.0,79.0
STONE,28.0,255.0,64.0
GRASS,28.0,254.0,64.0
GRASS,28.0,255.0,65.0
GRASS,28.0,255.0,66.0
STONE,28.0,255.0,67.0
LOG,28.0,253.0,67.0
LOG,28.0,252.0,67.0
LOG,28.0,251.0,67.0
LOG,28.0,250.0,67.0
LOG,28.0,249.0,67.0
LEAF,28.0,248.0,67.0
LEAF,27.0,249.0,67.0
LEAF,29.0,249.0,67.0
LEAF,28.0,249.0,66.0
LEAF,28.0,249.0,68.0
DIRT,28.0,254.0,67.0
STONE,28.0,255.0,68.0
GRASS,28.0,254.0,68.0
STONE,28.0,254.0,69.0
STONE,28.0,255.0,69.0
GRASS,28.0,253.0,69.0
STONE,28.0,254.0,70.0
STONE,28.0,255.0,70.0
GRASS,28.0,253.0,70.0
STONE,28.0,254.0,71.0
STONE,28.0,255.0,71.0
GRASS,28.0,253.0,71.0
STONE,28.0,254.0,72.0
STONE,28.0,255.0,72.0
GRASS,28.0,253.0,72.0
STONE,28.0,254.0,73.0
STONE,28.0,255.0,73.0
GRASS,28.0,253.0,73.0
GRASS,28.0,255.0,74.0
GRASS,28.0,255.0,75.0
GRASS,28.0,255.0,76.0
GRASS,28.0,255.0,77.0
GRASS,28.0,255.0,78.0
GRASS,28.0,255.0,79.0
STONE,29.0,255.0,64.0
GRASS,29.0,254.0,64.0
STONE,29.0,255.0,65.0
GRASS,29.0,254.0,65.0
GRASS,29.0,255.0,66.0
STONE,29.0,255.0,67.0
GRASS,29.0,254.0,67.0
STONE,29.0,255.0,68.0
GRASS,29.0,254.0,68.0
STONE,29.0,254.0,69.0
STONE,29.0,255.0,69.0
GRASS,29.0,253.0,69.0
STONE,29.0,254.0,70.0
STONE,29.0,255.0,70.0
GRASS,29.0,253.0,70.0
STONE,29.0,254.0,71.0
STONE,29.0,255.0,71.0
GRASS,29.0,253.0,71.0
STONE,29.0,254.0,72.0
STONE,29.0,255.0,72.0
GRASS,29.0,253.0,72.0
STONE,29.0,254.0,73.0
STONE,29.0,255.0,73.0
GRASS,29.0,253.0,73.0
GRASS,29.0,255.0,74.0
GRASS,29.0,255.0,75.0
GRASS,29.0,255.0,76.0
GRASS,29.0,255.0,77.0
GRASS,29.0,255.0,78.0
GRASS,29.0,255.0,79.0
STONE,30.0,254.0,64.0
STONE,30.0,255.0,64.0
GRASS,30.0,253.0,64.0
STONE,30.0,255.0,65.0
GRASS,30.0,254.0,65.0
STONE,30.0,255.0,66.0
GRASS,30.0,254.0,66.0
GRASS,30.0,255.0,67.0
STONE,30.0,254.0,68.0
STONE,30.0,255.0,68.0
GRASS,30.0,253.0,68.0
STONE,30.0,254.0,69.0
STONE,30.0,255.0,69.0
GRASS,30.0,253.0,69.0
STONE,30.0,254.0,70.0
STONE,30.0,255.0,70.0
GRASS,30.0,253.0,70.0
STONE,30.0,253.0,71.0
STONE,30.0,254.0,71.0
STONE,30.0,255.0,71.0
GRASS,30.0,252.0,71.0
STONE,30.0,254.0,72.0
STONE,30.0,255.0,72.0
GRASS,30.0,253.0,72.0
STONE,30.0,254.0,73.0
STONE,30.0,255.0,73.0
GRASS,30.0,253.0,73.0
STONE,30.0,254.0,74.0
STONE,30.0,255.0,74.0
GRASS,30.0,253.0,74.0
GRASS,30.0,255.0,75.0
GRASS,30.0,255.0,76.0
GRASS,30.0,255.0,77.0
GRASS,30.0,255.0,78.0
GRASS,30.0,255.0,79.0
STONE,31.0,255.0,64.0
GRASS,31.0,254.0,64.0
STONE,31.0,255.0,65.0
GRASS,31.0,254.0,65.0
GRASS,31.0,255.0,66.0
GRASS,31.0,255.0,67.0
STONE,31.0,255.0,68.0
GRASS,31.0,254.0,68.0
STONE,31.0,254.0,69.0
STONE,31.0,255.0,69.0
GRASS,31.0,253.0,69.0
STONE,31.0,254.0,70.0
STONE,31.0,255.0,70.0
GRASS,31.0,253.0,70.0
STONE,31.0,254.0,71.0
STONE,31.0,255.0,71.0
GRASS,31.0,253.0,71.0
STONE,31.0,254.0,72.0
STONE,31.0,255.0,72.0
GRASS,31.0,253.0,72.0
STONE,31.0,254.0,73.0
STONE,31.0,255.0,73.0
GRASS,31.0,253.0,73.0
GRASS,31.0,255.0,74.0
GRASS,31.0,255.0,75.0
STONE,31.0,255.0,76.0
GRASS,31.0,254.0,76.0
GRASS,31.0,255.0,77.0
GRASS,31.0,255.0,78.0
GRASS,31.0,255.0,79.0
