GRASS,16.64,20.4,11.5199995
GRASS,16.64,20.4,11.599999
GRASS,16.64,20.4,11.679999
GRASS,16.64,20.4,11.759999
GRASS,16.64,20.4,11.839999
GRASS,16.64,20.4,11.919999
GRASS,16.64,20.4,11.999999
GRASS,16.64,20.4,12.08
GRASS,16.64,20.4,12.16
GRASS,16.64,20.4,12.24
GRASS,16.64,20.4,12.32
GRASS,16.64,20.4,12.4
GRASS,16.64,20.4,12.48
GRASS,16.64,20.4,12.559999
GRASS,16.64,20.4,12.639999
GRASS,16.64,20.4,12.719999
GRASS,16.72,20.4,11.5199995
GRASS,16.72,20.4,11.599999
GRASS,16.72,20.4,11.679999
GRASS,16.72,20.4,11.759999
GRASS,16.72,20.4,11.839999
GRASS,16.72,20.4,11.919999
GRASS,16.72,20.4,11.999999
GRASS,16.72,20.4,12.08
GRASS,16.72,20.4,12.16
GRASS,16.72,20.4,12.24
GRASS,16.72,20.4,12.32
GRASS,16.72,20.4,12.4
GRASS,16.72,20.4,12.48
GRASS,16.72,20.4,12.559999
BIRCH_LOG,16.72,20.32,12.639999
BIRCH_LOG,16.72,20.24,12.639999
BIRCH_LOG,16.72,20.16,12.639999
BIRCH_LOG,16.72,20.08,12.639999
BIRCH_LOG,16.72,20.0,12.639999
LEAF,16.72,19.92,12.639999
LEAF,16.8,20.0,12.639999
LEAF,16.72,20.0,12.559999
LEAF,16.72,20.0,12.719999
DIRT,16.72,20.4,12.639999
GRASS,16.72,20.4,12.719999
GRASS,16.8,20.4,11.5199995
STONE,16.8,20.4,11.599999
GRASS,16.8,20.32,11.599999
GRASS,16.8,20.4,11.679999
GRASS,16.8,20.4,11.759999
GRASS,16.8,20.4,11.839999
GRASS,16.8,20.4,11.919999
GRASS,16.8,20.4,11.999999
BIRCH_LOG,16.8,20.32,12.08
BIRCH_LOG,16.8,20.24,12.08
BIRCH_LOG,16.8,20.16,12.08
BIRCH_LOG,16.8,20.08,12.08
BIRCH_LOG,16.8,20.0,12.08
LEAF,16.8,19.92,12.08
LEAF,16.72,20.0,12.08
LEAF,16.88,20.0,12.08
LEAF,16.8,20.0,12.0
LEAF,16.8,20.0,12.16
DIRT,16.8,20.4,12.08
GRASS,16.8,20.4,12.16
GRASS,16.8,20.4,12.24
GRASS,16.8,20.4,12.32
GRASS,16.8,20.4,12.4
GRASS,16.8,20.4,12.48
GRASS,16.8,20.4,12.559999
GRASS,16.8,20.4,12.639999
GRASS,16.8,20.4,12.719999
GRASS,16.88,20.4,11.5199995
GRASS,16.88,20.4,11.599999
GRASS,16.88,20.4,11.679999
GRASS,16.88,20.4,11.759999
GRASS,16.88,20.4,11.839999
STONE,16.88,20.4,11.919999
GRASS,16.88,20.32,11.919999
GRASS,16.88,20.4,11.999999
GRASS,16.88,20.4,12.08
GRASS,16.88,20.4,12.16
GRASS,16.88,20.4,12.24
GRASS,16.88,20.4,12.32
GRASS,16.88,20.4,12.4
GRASS,16.88,20.4,12.48
GRASS,16.88,20.4,12.559999
GRASS,16.88,20.4,12.639999
GRASS,16.88,20.4,12.719999
GRASS,16.96,20.4,11.5199995
GRASS,16.96,20.4,11.599999
GRASS,16.96,20.4,11.679999
GRASS,16.96,20.4,11.759999
GRASS,16.96,20.4,11.839999
GRASS,16.96,20.4,11.919999
GRASS,16.96,20.4,11.999999
GRASS,16.96,20.4,12.08
GRASS,16.96,20.4,12.16
GRASS,16.96,20.4,12.24
GRASS,16.96,20.4,12.32
GRASS,16.96,20.4,12.4
GRASS,16.96,20.4,12.48
GRASS,16.96,20.4,12.559999
GRASS,16.96,20.4,12.639999
GRASS,16.96,20.4,12.719999
GRASS,17.039999,20.4,11.5199995
GRASS,17.039999,20.4,11.599999
STONE,17.039999,20.4,11.679999
GRASS,17.039999,20.32,11.679999
GRASS,17.039999,20.4,11.759999
GRASS,17.039999,20.4,11.839999
GRASS,17.039999,20.4,11.919999
GRASS,17.039999,20.4,11.999999
GRASS,17.039999,20.4,12.08
GRASS,17.039999,20.4,12.16
GRASS,17.039999,20.4,12.24
GRASS,17.039999,20.4,12.32
GRASS,17.039999,20.4,12.4
GRASS,17.039999,20.4,12.48
GRASS,17.039999,20.4,12.559999
GRASS,17.039999,20.4,12.639999
STONE,17.039999,20.4,12.719999
GRASS,17.039999,20.32,12.719999
GRASS,17.119999,20.4,11.5199995
STONE,17.119999,20.4,11.599999
GRASS,17.119999,20.32,11.599999
STONE,17.119999,20.4,11.679999
GRASS,17.119999,20.32,11.679999
STONE,17.119999,20.4,11.759999
GRASS,17.119999,20.32,11.759999
GRASS,17.119999,20.4,11.839999
GRASS,17.119999,20.4,11.919999
GRASS,17.119999,20.4,11.999999
GRASS,17.119999,20.4,12.08
GRASS,17.119999,20.4,12.16
GRASS,17.119999,20.4,12.24
GRASS,17.119999,20.4,12.32
GRASS,17.119999,20.4,12.4
GRASS,17.119999,20.4,12.48
GRASS,17.119999,20.4,12.559999
STONE,17.119999,20.4,12.639999
GRASS,17.119999,20.32,12.639999
STONE,17.119999,20.4,12.719999
GRASS,17.119999,20.32,12.719999
GRASS,17.199999,20.4,11.5199995
GRASS,17.199999,20.4,11.599999
STONE,17.199999,20.4,11.679999
GRASS,17.199999,20.32,11.679999
GRASS,17.199999,20.4,11.759999
GRASS,17.199999,20.4,11.839999
GRASS,17.199999,20.4,11.919999
GRASS,17.199999,20.4,11.999999
GRASS,17.199999,20.4,12.08
GRASS,17.199999,20.4,12.16
GRASS,17.199999,20.4,12.24
GRASS,17.199999,20.4,12.32
GRASS,17.199999,20.4,12.4
GRASS,17.199999,20.4,12.48
GRASS,17.199999,20.4,12.559999
GRASS,17.199999,20.4,12.639999
STONE,17.199999,20.4,12.719999
GRASS,17.199999,20.32,12.719999
GRASS,17.279999,20.4,11.5199995
GRASS,17.279999,20.4,11.599999
GRASS,17.279999,20.4,11.679999
GRASS,17.279999,20.4,11.759999
GRASS,17.279999,20.4,11.839999
GRASS,17.279999,20.4,11.919999
GRASS,17.279999,20.4,11.999999
GRASS,17.279999,20.4,12.08
GRASS,17.279999,20.4,12.16
GRASS,17.279999,20.4,12.24
GRASS,17.279999,20.4,12.32
GRASS,17.279999,20.4,12.4
GRASS,17.279999,20.4,12.48
GRASS,17.279999,20.4,12.559999
GRASS,17.279999,20.4,12.639999
GRASS,17.279999,20.4,12.719999
GRASS,17.359999,20.4,11.5199995
GRASS,17.359999,20.4,11.599999
GRASS,17.359999,20.4,11.679999
GRASS,17.359999,20.4,11.759999
GRASS,17.359999,20.4,11.839999
GRASS,17.359999,20.4,11.919999
GRASS,17.359999,20.4,11.999999
GRASS,17.359999,20.4,12.08
GRASS,17.359999,20.4,12.16
GRASS,17.359999,20.4,12.24
GRASS,17.359999,20.4,12.32
STONE,17.359999,20.4,12.4
GRASS,17.359999,20.32,12.4
GRASS,17.359999,20.4,12.48
GRASS,17.359999,20.4,12.559999
GRASS,17.359999,20.4,12.639999
GRASS,17.359999,20.4,12.719999
GRASS,17.439999,20.4,11.5199995
GRASS,17.439999,20.4,11.599999
GRASS,17.439999,20.4,11.679999
GRASS,17.439999,20.4,11.759999
GRASS,17.439999,20.4,11.839999
GRASS,17.439999,20.4,11.919999
GRASS,17.439999,20.4,11.999999
GRASS,17.439999,20.4,12.08
GRASS,17.439999,20.4,12.16
GRASS,17.439999,20.4,12.24
GRASS,17.439999,20.4,12.32
GRASS,17.439999,20.4,12.4
GRASS,17.439999,20.4,12.48
GRASS,17.439999,20.4,12.559999
GRASS,17.439999,20.4,12.639999
STONE,17.439999,20.4,12.719999
GRASS,17.439999,20.32,12.719999
GRASS,17.519999,20.4,11.5199995
GRASS,17.519999,20.4,11.599999
GRASS,17.519999,20.4,11.679999
GRASS,17.519999,20.4,11.759999
GRASS,17.519999,20.4,11.839999
GRASS,17.519999,20.4,11.919999
GRASS,17.519999,20.4,11.999999
GRASS,17.519999,20.4,12.08
GRASS,17.519999,20.4,12.16
GRASS,17.519999,20.4,12.24
GRASS,17.519999,20.4,12.32
GRASS,17.519999,20.4,12.4
GRASS,17.519999,20.4,12.48
GRASS,17.519999,20.4,12.559999
GRASS,17.519999,20.4,12.639999
GRASS,17.519999,20.4,12.719999
GRASS,17.599998,20.4,11.5199995
GRASS,17.599998,20.4,11.599999
GRASS,17.599998,20.4,11.679999
GRASS,17.599998,20.4,11.759999
GRASS,17.599998,20.4,11.839999
GRASS,17.599998,20.4,11.919999
GRASS,17.599998,20.4,11.999999
GRASS,17.599998,20.4,12.08
GRASS,17.599998,20.4,12.16
GRASS,17.599998,20.4,12.24
GRASS,17.599998,20.4,12.32
GRASS,17.599998,20.4,12.4
GRASS,17.599998,20.4,12.48
GRASS,17.599998,20.4,12.559999
GRASS,17.599998,20.4,12.639999
GRASS,17.599998,20.4,12.719999
GRASS,17.68,20.4,11.5199995
GRASS,17.68,20.4,11.599999
LOG,17.68,20.32,11.679999
LOG,17.68,20.24,11.679999
LOG,17.68,20.16,11.679999
LOG,17.68,20.08,11.679999
LEAF,17.68,20.0,11.679999
LEAF,17.6,20.08,11.679999
LEAF,17.76,20.08,11.679999
LEAF,17.68,20.08,11.599999
LEAF,17.68,20.08,11.759999
DIRT,17.68,20.4,11.679999
GRASS,17.68,20.4,11.759999
GRASS,17.68,20.4,11.839999
GRASS,17.68,20.4,11.919999
GRASS,17.68,20.4,11.999999
GRASS,17.68,20.4,12.08
GRASS,17.68,20.4,12.16
GRASS,17.68,20.4,12.24
GRASS,17.68,20.4,12.32
GRASS,17.68,20.4,12.4
STONE,17.68,20.4,12.48
GRASS,17.68,20.32,12.48
GRASS,17.68,20.4,12.559999
GRASS,17.68,20.4,12.639999
GRASS,17.68,20.4,12.719999
GRASS,17.76,20.4,11.5199995
GRASS,17.76,20.4,11.599999
GRASS,17.76,20.4,11.679999
GRASS,17.76,20.4,11.759999
GRASS,17.76,20.4,11.839999
GRASS,17.76,20.4,11.919999
GRASS,17.76,20.4,11.999999
GRASS,17.76,20.4,12.08
GRASS,17.76,20.4,12.16
GRASS,17.76,20.4,12.24
GRASS,17.76,20.4,12.32
STONE,17.76,20.4,12.4
GRASS,17.76,20.32,12.4
STONE,17.76,20.4,12.48
GRASS,17.76,20.32,12.48
STONE,17.76,20.4,12.559999
GRASS,17.76,20.32,12.559999
GRASS,17.76,20.4,12.639999
GRASS,17.76,20.4,12.719999
GRASS,17.84,20.4,11.5199995
GRASS,17.84,20.4,11.599999
GRASS,17.84,20.4,11.679999
GRASS,17.84,20.4,11.759999
GRASS,17.84,20.4,11.839999
GRASS,17.84,20.4,11.919999
GRASS,17.84,20.4,11.999999
GRASS,17.84,20.4,12.08
GRASS,17.84,20.4,12.16
GRASS,17.84,20.4,12.24
GRASS,17.84,20.4,12.32
GRASS,17.84,20.4,12.4
STONE,17.84,20.4,12.48
GRASS,17.84,20.32,12.48
GRASS,17.84,20.4,12.559999
GRASS,17.84,20.4,12.639999
GRASS,17.84,20.4,12.719999
BIRCH_LOG,17.439999,20.24,12.799999
BIRCH_LOG,17.439999,20.16,12.799999
BIRCH_LOG,17.439999,20.08,12.799999
BIRCH_LOG,17.439999,20.0,12.799999
BIRCH_LOG,17.439999,19.92,12.799999
LEAF,17.439999,19.84,12.799999
LEAF,17.359999,19.92,12.799999
LEAF,17.519999,19.92,12.799999
LEAF,17.439999,19.92,12.719999
LEAF,17.76,20.08,12.799999
