GRASS,16.64,20.4,12.799999
GRASS,16.64,20.4,12.879999
GRASS,16.64,20.4,12.959999
GRASS,16.64,20.4,13.039999
GRASS,16.64,20.4,13.119999
GRASS,16.64,20.4,13.199999
GRASS,16.64,20.4,13.279999
GRASS,16.64,20.4,13.36
GRASS,16.64,20.4,13.44
GRASS,16.64,20.4,13.5199995
GRASS,16.64,20.4,13.599999
GRASS,16.64,20.4,13.679999
GRASS,16.64,20.4,13.759999
GRASS,16.64,20.4,13.839999
GRASS,16.64,20.4,13.919999
GRASS,16.64,20.4,13.999999
GRASS,16.72,20.4,12.799999
GRASS,16.72,20.4,12.879999
GRASS,16.72,20.4,12.959999
STONE,16.72,20.4,13.039999
GRASS,16.72,20.32,13.039999
GRASS,16.72,20.4,13.119999
GRASS,16.72,20.4,13.199999
GRASS,16.72,20.4,13.279999
GRASS,16.72,20.4,13.36
GRASS,16.72,20.4,13.44
GRASS,16.72,20.4,13.5199995
GRASS,16.72,20.4,13.599999
GRASS,16.72,20.4,13.679999
GRASS,16.72,20.4,13.759999
GRASS,16.72,20.4,13.839999
GRASS,16.72,20.4,13.919999
GRASS,16.72,20.4,13.999999
GRASS,16.8,20.4,12.799999
GRASS,16.8,20.4,12.879999
STONE,16.8,20.4,12.959999
GRASS,16.8,20.32,12.959999
STONE,16.8,20.4,13.039999
GRASS,16.8,20.32,13.039999
STONE,16.8,20.4,13.119999
GRASS,16.8,20.32,13.119999
GRASS,16.8,20.4,13.199999
GRASS,16.8,20.4,13.279999
GRASS,16.8,20.4,13.36
GRASS,16.8,20.4,13.44
GRASS,16.8,20.4,13.5199995
GRASS,16.8,20.4,13.599999
GRASS,16.8,20.4,13.679999
GRASS,16.8,20.4,13.759999
GRASS,16.8,20.4,13.839999
GRASS,16.8,20.4,13.919999
GRASS,16.8,20.4,13.999999
GRASS,16.88,20.4,12.799999
STONE,16.88,20.4,12.879999
GRASS,16.88,20.32,12.879999
STONE,16.88,20.4,12.959999
GRASS,16.88,20.32,12.959999
STONE,16.88,20.32,13.039999
STONE,16.88,20.4,13.039999
GRASS,16.88,20.24,13.039999
STONE,16.88,20.4,13.119999
GRASS,16.88,20.32,13.119999
STONE,16.88,20.4,13.199999
GRASS,16.88,20.32,13.199999
STONE,16.88,20.4,13.279999
GRASS,16.88,20.32,13.279999
GRASS,16.88,20.4,13.36
GRASS,16.88,20.4,13.44
GRASS,16.88,20.4,13.5199995
GRASS,16.88,20.4,13.599999
GRASS,16.88,20.4,13.679999
GRASS,16.88,20.4,13.759999
GRASS,16.88,20.4,13.839999
GRASS,16.88,20.4,13.919999
GRASS,16.88,20.4,13.999999
GRASS,16.96,20.4,12.799999
GRASS,16.96,20.4,12.879999
STONE,16.96,20.4,12.959999
GRASS,16.96,20.32,12.959999
STONE,16.96,20.4,13.039999
GRASS,16.96,20.32,13.039999
STONE,16.96,20.4,13.119999
GRASS,16.96,20.32,13.119999
GRASS,16.96,20.4,13.199999
STONE,16.96,20.4,13.279999
GRASS,16.96,20.32,13.279999
GRASS,16.96,20.4,13.36
GRASS,16.96,20.4,13.44
GRASS,16.96,20.4,13.5199995
GRASS,16.96,20.4,13.599999
GRASS,16.96,20.4,13.679999
GRASS,16.96,20.4,13.759999
GRASS,16.96,20.4,13.839999
GRASS,16.96,20.4,13.919999
GRASS,16.96,20.4,13.999999
GRASS,17.039999,20.4,12.799999
GRASS,17.039999,20.4,12.879999
GRASS,17.039999,20.4,12.959999
STONE,17.039999,20.4,13.039999
BIRCH_LOG,17.039999,20.24,13.039999
BIRCH_LOG,17.039999,20.16,13.039999
BIRCH_LOG,17.039999,20.08,13.039999
BIRCH_LOG,17.039999,20.0,13.039999
BIRCH_LOG,17.039999,19.92,13.039999
LEAF,17.039999,19.84,13.039999
LEAF,16.96,19.92,13.039999
LEAF,17.119999,19.92,13.039999
LEAF,17.039999,19.92,12.959999
LEAF,17.039999,19.92,13.119999
DIRT,17.039999,20.32,13.039999
GRASS,17.039999,20.4,13.119999
GRASS,17.039999,20.4,13.199999
GRASS,17.039999,20.4,13.279999
GRASS,17.039999,20.4,13.36
GRASS,17.039999,20.4,13.44
GRASS,17.039999,20.4,13.5199995
GRASS,17.039999,20.4,13.599999
GRASS,17.039999,20.4,13.679999
LOG,17.039999,20.32,13.759999
LOG,17.039999,20.24,13.759999
LOG,17.039999,20.16,13.759999
LOG,17.039999,20.08,13.759999
LEAF,17.039999,20.0,13.759999
LEAF,16.96,20.08,13.759999
LEAF,17.119999,20.08,13.759999
LEAF,17.039999,20.08,13.679999
LEAF,17.039999,20.08,13.839999
DIRT,17.039999,20.4,13.759999
GRASS,17.039999,20.4,13.839999
GRASS,17.039999,20.4,13.919999
GRASS,17.039999,20.4,13.999999
STONE,17.119999,20.4,12.799999
GRASS,17.119999,20.32,12.799999
GRASS,17.119999,20.4,12.879999
GRASS,17.119999,20.4,12.959999
GRASS,17.119999,20.4,13.039999
GRASS,17.119999,20.4,13.119999
GRASS,17.119999,20.4,13.199999
GRASS,17.119999,20.4,13.279999
GRASS,17.119999,20.4,13.36
GRASS,17.119999,20.4,13.44
GRASS,17.119999,20.4,13.5199995
GRASS,17.119999,20.4,13.599999
GRASS,17.119999,20.4,13.679999
GRASS,17.119999,20.4,13.759999
GRASS,17.119999,20.4,13.839999
GRASS,17.119999,20.4,13.919999
GRASS,17.119999,20.4,13.999999
GRASS,17.199999,20.4,12.799999
GRASS,17.199999,20.4,12.879999
GRASS,17.199999,20.4,12.959999
GRASS,17.199999,20.4,13.039999
GRASS,17.199999,20.4,13.119999
GRASS,17.199999,20.4,13.199999
GRASS,17.199999,20.4,13.279999
GRASS,17.199999,20.4,13.36
GRASS,17.199999,20.4,13.44
GRASS,17.199999,20.4,13.5199995
GRASS,17.199999,20.4,13.599999
GRASS,17.199999,20.4,13.679999
GRASS,17.199999,20.4,13.759999
GRASS,17.199999,20.4,13.839999
GRASS,17.199999,20.4,13.919999
GRASS,17.199999,20.4,13.999999
GRASS,17.279999,20.4,12.799999
STONE,17.279999,20.4,12.879999
GRASS,17.279999,20.32,12.879999
GRASS,17.279999,20.4,12.959999
GRASS,17.279999,20.4,13.039999
GRASS,17.279999,20.4,13.119999
GRASS,17.279999,20.4,13.199999
GRASS,17.279999,20.4,13.279999
GRASS,17.279999,20.4,13.36
GRASS,17.279999,20.4,13.44
GRASS,17.279999,20.4,13.5199995
GRASS,17.279999,20.4,13.599999
GRASS,17.279999,20.4,13.679999
GRASS,17.279999,20.4,13.759999
STONE,17.279999,20.4,13.839999
GRASS,17.279999,20.32,13.839999
GRASS,17.279999,20.4,13.919999
GRASS,17.279999,20.4,13.999999
STONE,17.359999,20.4,12.799999
GRASS,17.359999,20.32,12.799999
STONE,17.359999,20.4,12.879999
GRASS,17.359999,20.32,12.879999
STONE,17.359999,20.4,12.959999
GRASS,17.359999,20.32,12.959999
GRASS,17.359999,20.4,13.039999
GRASS,17.359999,20.4,13.119999
GRASS,17.359999,20.4,13.199999
STONE,17.359999,20.4,13.279999
GRASS,17.359999,20.32,13.279999
GRASS,17.359999,20.4,13.36
GRASS,17.359999,20.4,13.44
GRASS,17.359999,20.4,13.5199995
GRASS,17.359999,20.4,13.599999
GRASS,17.359999,20.4,13.679999
GRASS,17.359999,20.4,13.759999
GRASS,17.359999,20.4,13.839999
GRASS,17.359999,20.4,13.919999
GRASS,17.359999,20.4,13.999999
STONE,17.439999,20.4,12.799999
LEAF,17.439999,19.92,12.879999
DIRT,17.439999,20.32,12.799999
STONE,17.439999,20.32,12.879999
STONE,17.439999,20.4,12.879999
GRASS,17.439999,20.24,12.879999
STONE,17.439999,20.4,12.959999
GRASS,17.439999,20.32,12.959999
STONE,17.439999,20.4,13.039999
BIRCH_LOG,17.439999,20.24,13.039999
BIRCH_LOG,17.439999,20.16,13.039999
BIRCH_LOG,17.439999,20.08,13.039999
BIRCH_LOG,17.439999,20.0,13.039999
BIRCH_LOG,17.439999,19.92,13.039999
LEAF,17.439999,19.84,13.039999
LEAF,17.359999,19.92,13.039999
LEAF,17.519999,19.92,13.039999
LEAF,17.439999,19.92,12.959999
LEAF,17.439999,19.92,13.119999
DIRT,17.439999,20.32,13.039999
GRASS,17.439999,20.4,13.119999
STONE,17.439999,20.4,13.199999
GRASS,17.439999,20.32,13.199999
STONE,17.439999,20.4,13.279999
GRASS,17.439999,20.32,13.279999
STONE,17.439999,20.4,13.36
GRASS,17.439999,20.32,13.36
GRASS,17.439999,20.4,13.44
GRASS,17.439999,20.4,13.5199995
GRASS,17.439999,20.4,13.599999
GRASS,17.439999,20.4,13.679999
GRASS,17.439999,20.4,13.759999
GRASS,17.439999,20.4,13.839999
GRASS,17.439999,20.4,13.919999
GRASS,17.439999,20.4,13.999999
STONE,17.519999,20.4,12.799999
GRASS,17.519999,20.32,12.799999
STONE,17.519999,20.4,12.879999
GRASS,17.519999,20.32,12.879999
STONE,17.519999,20.4,12.959999
BIRCH_LOG,17.519999,20.24,12.959999
BIRCH_LOG,17.519999,20.16,12.959999
BIRCH_LOG,17.519999,20.08,12.959999
BIRCH_LOG,17.519999,20.0,12.959999
LEAF,17.519999,19.92,12.959999
LEAF,17.439999,20.0,12.959999
LEAF,17.599998,20.0,12.959999
LEAF,17.519999,20.0,12.879999
LEAF,17.519999,20.0,13.039999
DIRT,17.519999,20.32,12.959999
GRASS,17.519999,20.4,13.039999
GRASS,17.519999,20.4,13.119999
GRASS,17.519999,20.4,13.199999
STONE,17.519999,20.4,13.279999
GRASS,17.519999,20.32,13.279999
GRASS,17.519999,20.4,13.36
GRASS,17.519999,20.4,13.44
GRASS,17.519999,20.4,13.5199995
GRASS,17.519999,20.4,13.599999
GRASS,17.519999,20.4,13.679999
GRASS,17.519999,20.4,13.759999
GRASS,17.519999,20.4,13.839999
GRASS,17.519999,20.4,13.919999
GRASS,17.519999,20.4,13.999999
GRASS,17.599998,20.4,12.799999
STONE,17.599998,20.4,12.879999
GRASS,17.599998,20.32,12.879999
GRASS,17.599998,20.4,12.959999
GRASS,17.599998,20.4,13.039999
GRASS,17.599998,20.4,13.119999
GRASS,17.599998,20.4,13.199999
GRASS,17.599998,20.4,13.279999
GRASS,17.599998,20.4,13.36
GRASS,17.599998,20.4,13.44
GRASS,17.599998,20.4,13.5199995
GRASS,17.599998,20.4,13.599999
GRASS,17.599998,20.4,13.679999
GRASS,17.599998,20.4,13.759999
GRASS,17.599998,20.4,13.839999
GRASS,17.599998,20.4,13.919999
GRASS,17.599998,20.4,13.999999
GRASS,17.68,20.4,12.799999
GRASS,17.68,20.4,12.879999
GRASS,17.68,20.4,12.959999
GRASS,17.68,20.4,13.039999
GRASS,17.68,20.4,13.119999
GRASS,17.68,20.4,13.199999
GRASS,17.68,20.4,13.279999
GRASS,17.68,20.4,13.36
GRASS,17.68,20.4,13.44
STONE,17.68,20.4,13.5199995
GRASS,17.68,20.32,13.5199995
STONE,17.68,20.4,13.599999
GRASS,17.68,20.32,13.599999
GRASS,17.68,20.4,13.679999
GRASS,17.68,20.4,13.759999
GRASS,17.68,20.4,13.839999
GRASS,17.68,20.4,13.919999
GRASS,17.68,20.4,13.999999
GRASS,17.76,20.4,12.799999
LOG,17.76,20.32,12.879999
LOG,17.76,20.24,12.879999
LOG,17.76,20.16,12.879999
LOG,17.76,20.08,12.879999
LEAF,17.76,20.0,12.879999
LEAF,17.68,20.08,12.879999
LEAF,17.84,20.08,12.879999
LEAF,17.76,20.08,12.959999
DIRT,17.76,20.4,12.879999
GRASS,17.76,20.4,12.959999
GRASS,17.76,20.4,13.039999
GRASS,17.76,20.4,13.119999
GRASS,17.76,20.4,13.199999
GRASS,17.76,20.4,13.279999
GRASS,17.76,20.4,13.36
GRASS,17.76,20.4,13.44
GRASS,17.76,20.4,13.5199995
GRASS,17.76,20.4,13.599999
GRASS,17.76,20.4,13.679999
GRASS,17.76,20.4,13.759999
GRASS,17.76,20.4,13.839999
GRASS,17.76,20.4,13.919999
GRASS,17.76,20.4,13.999999
GRASS,17.84,20.4,12.799999
GRASS,17.84,20.4,12.879999
GRASS,17.84,20.4,12.959999
GRASS,17.84,20.4,13.039999
GRASS,17.84,20.4,13.119999
GRASS,17.84,20.4,13.199999
GRASS,17.84,20.4,13.279999
GRASS,17.84,20.4,13.36
GRASS,17.84,20.4,13.44
GRASS,17.84,20.4,13.5199995
GRASS,17.84,20.4,13.599999
GRASS,17.84,20.4,13.679999
GRASS,17.84,20.4,13.759999
GRASS,17.84,20.4,13.839999
GRASS,17.84,20.4,13.919999
GRASS,17.84,20.4,13.999999
