GRASS,17.92,20.4,2.56
GRASS,17.92,20.4,2.6399999
STONE,17.92,20.0,2.72
STONE,17.92,20.08,2.72
STONE,17.92,20.16,2.72
STONE,17.92,20.24,2.72
STONE,17.92,20.32,2.72
STONE,17.92,20.4,2.72
GRASS,17.92,19.92,2.72
STONE,17.92,20.08,2.8
STONE,17.92,20.16,2.8
STONE,17.92,20.24,2.8
STONE,17.92,20.32,2.8
STONE,17.92,20.4,2.8
GRASS,17.92,20.0,2.8
STONE,17.92,20.16,2.8799999
STONE,17.92,20.24,2.8799999
STONE,17.92,20.32,2.8799999
STONE,17.92,20.4,2.8799999
GRASS,17.92,20.08,2.8799999
STONE,17.92,20.16,2.96
STONE,17.92,20.24,2.96
STONE,17.92,20.32,2.96
STONE,17.92,20.4,2.96
GRASS,17.92,20.08,2.96
STONE,17.92,20.4,3.04
GRASS,17.92,20.32,3.04
STONE,17.92,20.16,3.12
STONE,17.92,20.24,3.12
STONE,17.92,20.32,3.12
STONE,17.92,20.4,3.12
GRASS,17.92,20.08,3.12
STONE,17.92,20.16,3.1999998
STONE,17.92,20.24,3.1999998
STONE,17.92,20.32,3.1999998
STONE,17.92,20.4,3.1999998
GRASS,17.92,20.08,3.1999998
GRASS,17.92,20.4,3.28
GRASS,17.92,20.4,3.36
GRASS,17.92,20.4,3.44
GRASS,17.92,20.4,3.52
GRASS,17.92,20.4,3.6
STONE,17.92,20.4,3.6799998
GRASS,17.92,20.32,3.6799998
GRASS,17.92,20.4,3.7599998
STONE,18.0,20.0,2.56
STONE,18.0,20.08,2.56
STONE,18.0,20.16,2.56
STONE,18.0,20.24,2.56
STONE,18.0,20.32,2.56
STONE,18.0,20.4,2.56
GRASS,18.0,19.92,2.56
STONE,18.0,20.0,2.6399999
STONE,18.0,20.08,2.6399999
STONE,18.0,20.16,2.6399999
STONE,18.0,20.24,2.6399999
STONE,18.0,20.32,2.6399999
STONE,18.0,20.4,2.6399999
GRASS,18.0,19.92,2.6399999
STONE,18.0,20.0,2.72
STONE,18.0,20.08,2.72
STONE,18.0,20.16,2.72
STONE,18.0,20.24,2.72
STONE,18.0,20.32,2.72
STONE,18.0,20.4,2.72
GRASS,18.0,19.92,2.72
STONE,18.0,20.0,2.8
STONE,18.0,20.08,2.8
STONE,18.0,20.16,2.8
STONE,18.0,20.24,2.8
STONE,18.0,20.32,2.8
STONE,18.0,20.4,2.8
GRASS,18.0,19.92,2.8
STONE,18.0,20.0,2.8799999
STONE,18.0,20.08,2.8799999
STONE,18.0,20.16,2.8799999
STONE,18.0,20.24,2.8799999
STONE,18.0,20.32,2.8799999
STONE,18.0,20.4,2.8799999
GRASS,18.0,19.92,2.8799999
STONE,18.0,20.08,2.96
STONE,18.0,20.16,2.96
STONE,18.0,20.24,2.96
STONE,18.0,20.32,2.96
STONE,18.0,20.4,2.96
GRASS,18.0,20.0,2.96
STONE,18.0,20.4,3.04
GRASS,18.0,20.32,3.04
STONE,18.0,20.4,3.12
GRASS,18.0,20.32,3.12
STONE,18.0,20.16,3.1999998
STONE,18.0,20.24,3.1999998
STONE,18.0,20.32,3.1999998
STONE,18.0,20.4,3.1999998
GRASS,18.0,20.08,3.1999998
GRASS,18.0,20.4,3.28
GRASS,18.0,20.4,3.36
GRASS,18.0,20.4,3.44
GRASS,18.0,20.4,3.52
GRASS,18.0,20.4,3.6
GRASS,18.0,20.4,3.6799998
GRASS,18.0,20.4,3.7599998
STONE,18.08,20.0,2.56
STONE,18.08,20.08,2.56
STONE,18.08,20.16,2.56
STONE,18.08,20.24,2.56
STONE,18.08,20.32,2.56
STONE,18.08,20.4,2.56
GRASS,18.08,19.92,2.56
STONE,18.08,20.0,2.6399999
STONE,18.08,20.08,2.6399999
STONE,18.08,20.16,2.6399999
STONE,18.08,20.24,2.6399999
STONE,18.08,20.32,2.6399999
STONE,18.08,20.4,2.6399999
GRASS,18.08,19.92,2.6399999
STONE,18.08,20.0,2.72
STONE,18.08,20.08,2.72
STONE,18.08,20.16,2.72
STONE,18.08,20.24,2.72
STONE,18.08,20.32,2.72
STONE,18.08,20.4,2.72
GRASS,18.08,19.92,2.72
STONE,18.08,20.0,2.8
STONE,18.08,20.08,2.8
STONE,18.08,20.16,2.8
STONE,18.08,20.24,2.8
STONE,18.08,20.32,2.8
STONE,18.08,20.4,2.8
GRASS,18.08,19.92,2.8
STONE,18.08,20.0,2.8799999
STONE,18.08,20.08,2.8799999
STONE,18.08,20.16,2.8799999
STONE,18.08,20.24,2.8799999
STONE,18.08,20.32,2.8799999
STONE,18.08,20.4,2.8799999
GRASS,18.08,19.92,2.8799999
STONE,18.08,20.0,2.96
STONE,18.08,20.08,2.96
STONE,18.08,20.16,2.96
STONE,18.08,20.24,2.96
STONE,18.08,20.32,2.96
STONE,18.08,20.4,2.96
GRASS,18.08,19.92,2.96
STONE,18.08,20.08,3.04
STONE,18.08,20.16,3.04
STONE,18.08,20.24,3.04
STONE,18.08,20.32,3.04
STONE,18.08,20.4,3.04
GRASS,18.08,20.0,3.04
GRASS,18.08,20.4,3.12
GRASS,18.08,20.4,3.1999998
GRASS,18.08,20.4,3.28
GRASS,18.08,20.4,3.36
GRASS,18.08,20.4,3.44
GRASS,18.08,20.4,3.52
GRASS,18.08,20.4,3.6
GRASS,18.08,20.4,3.6799998
GRASS,18.08,20.4,3.7599998
STONE,18.16,20.0,2.56
STONE,18.16,20.08,2.56
STONE,18.16,20.16,2.56
STONE,18.16,20.24,2.56
STONE,18.16,20.32,2.56
STONE,18.16,20.4,2.56
GRASS,18.16,19.92,2.56
STONE,18.16,20.0,2.6399999
STONE,18.16,20.08,2.6399999
STONE,18.16,20.16,2.6399999
STONE,18.16,20.24,2.6399999
STONE,18.16,20.32,2.6399999
STONE,18.16,20.4,2.6399999
GRASS,18.16,19.92,2.6399999
STONE,18.16,20.0,2.72
STONE,18.16,20.08,2.72
STONE,18.16,20.16,2.72
STONE,18.16,20.24,2.72
STONE,18.16,20.32,2.72
STONE,18.16,20.4,2.72
GRASS,18.16,19.92,2.72
STONE,18.16,20.0,2.8
STONE,18.16,20.08,2.8
STONE,18.16,20.16,2.8
STONE,18.16,20.24,2.8
STONE,18.16,20.32,2.8
STONE,18.16,20.4,2.8
GRASS,18.16,19.92,2.8
STONE,18.16,20.0,2.8799999
STONE,18.16,20.08,2.8799999
STONE,18.16,20.16,2.8799999
STONE,18.16,20.24,2.8799999
STONE,18.16,20.32,2.8799999
STONE,18.16,20.4,2.8799999
GRASS,18.16,19.92,2.8799999
STONE,18.16,20.0,2.96
STONE,18.16,20.08,2.96
STONE,18.16,20.16,2.96
STONE,18.16,20.24,2.96
STONE,18.16,20.32,2.96
STONE,18.16,20.4,2.96
GRASS,18.16,19.92,2.96
STONE,18.16,20.0,3.04
STONE,18.16,20.08,3.04
STONE,18.16,20.16,3.04
STONE,18.16,20.24,3.04
STONE,18.16,20.32,3.04
STONE,18.16,20.4,3.04
GRASS,18.16,19.92,3.04
GRASS,18.16,20.4,3.12
GRASS,18.16,20.4,3.1999998
GRASS,18.16,20.4,3.28
GRASS,18.16,20.4,3.36
GRASS,18.16,20.4,3.44
GRASS,18.16,20.4,3.52
GRASS,18.16,20.4,3.6
GRASS,18.16,20.4,3.6799998
GRASS,18.16,20.4,3.7599998
STONE,18.24,20.0,2.56
STONE,18.24,20.08,2.56
STONE,18.24,20.16,2.56
STONE,18.24,20.24,2.56
STONE,18.24,20.32,2.56
STONE,18.24,20.4,2.56
GRASS,18.24,19.92,2.56
STONE,18.24,20.0,2.6399999
STONE,18.24,20.08,2.6399999
STONE,18.24,20.16,2.6399999
STONE,18.24,20.24,2.6399999
STONE,18.24,20.32,2.6399999
STONE,18.24,20.4,2.6399999
GRASS,18.24,19.92,2.6399999
STONE,18.24,20.0,2.72
STONE,18.24,20.08,2.72
STONE,18.24,20.16,2.72
STONE,18.24,20.24,2.72
STONE,18.24,20.32,2.72
STONE,18.24,20.4,2.72
GRASS,18.24,19.92,2.72
STONE,18.24,20.0,2.8
STONE,18.24,20.08,2.8
STONE,18.24,20.16,2.8
STONE,18.24,20.24,2.8
STONE,18.24,20.32,2.8
STONE,18.24,20.4,2.8
GRASS,18.24,19.92,2.8
STONE,18.24,20.0,2.8799999
STONE,18.24,20.08,2.8799999
STONE,18.24,20.16,2.8799999
STONE,18.24,20.24,2.8799999
STONE,18.24,20.32,2.8799999
STONE,18.24,20.4,2.8799999
GRASS,18.24,19.92,2.8799999
STONE,18.24,20.0,2.96
STONE,18.24,20.08,2.96
STONE,18.24,20.16,2.96
STONE,18.24,20.24,2.96
STONE,18.24,20.32,2.96
STONE,18.24,20.4,2.96
GRASS,18.24,19.92,2.96
STONE,18.24,20.0,3.04
STONE,18.24,20.08,3.04
STONE,18.24,20.16,3.04
STONE,18.24,20.24,3.04
STONE,18.24,20.32,3.04
STONE,18.24,20.4,3.04
GRASS,18.24,19.92,3.04
STONE,18.24,20.08,3.12
STONE,18.24,20.16,3.12
STONE,18.24,20.24,3.12
STONE,18.24,20.32,3.12
STONE,18.24,20.4,3.12
GRASS,18.24,20.0,3.12
GRASS,18.24,20.4,3.1999998
GRASS,18.24,20.4,3.28
GRASS,18.24,20.4,3.36
GRASS,18.24,20.4,3.44
GRASS,18.24,20.4,3.52
GRASS,18.24,20.4,3.6
GRASS,18.24,20.4,3.6799998
GRASS,18.24,20.4,3.7599998
STONE,18.32,20.0,2.56
STONE,18.32,20.08,2.56
STONE,18.32,20.16,2.56
STONE,18.32,20.24,2.56
STONE,18.32,20.32,2.56
STONE,18.32,20.4,2.56
GRASS,18.32,19.92,2.56
STONE,18.32,20.0,2.6399999
STONE,18.32,20.08,2.6399999
STONE,18.32,20.16,2.6399999
STONE,18.32,20.24,2.6399999
STONE,18.32,20.32,2.6399999
STONE,18.32,20.4,2.6399999
GRASS,18.32,19.92,2.6399999
STONE,18.32,20.0,2.72
STONE,18.32,20.08,2.72
STONE,18.32,20.16,2.72
STONE,18.32,20.24,2.72
STONE,18.32,20.32,2.72
STONE,18.32,20.4,2.72
GRASS,18.32,19.92,2.72
STONE,18.32,20.0,2.8
STONE,18.32,20.08,2.8
STONE,18.32,20.16,2.8
STONE,18.32,20.24,2.8
STONE,18.32,20.32,2.8
STONE,18.32,20.4,2.8
GRASS,18.32,19.92,2.8
STONE,18.32,20.0,2.8799999
STONE,18.32,20.08,2.8799999
STONE,18.32,20.16,2.8799999
STONE,18.32,20.24,2.8799999
STONE,18.32,20.32,2.8799999
STONE,18.32,20.4,2.8799999
GRASS,18.32,19.92,2.8799999
STONE,18.32,20.0,2.96
STONE,18.32,20.08,2.96
STONE,18.32,20.16,2.96
STONE,18.32,20.24,2.96
STONE,18.32,20.32,2.96
STONE,18.32,20.4,2.96
GRASS,18.32,19.92,2.96
STONE,18.32,20.0,3.04
STONE,18.32,20.08,3.04
STONE,18.32,20.16,3.04
STONE,18.32,20.24,3.04
STONE,18.32,20.32,3.04
STONE,18.32,20.4,3.04
GRASS,18.32,19.92,3.04
STONE,18.32,20.0,3.12
STONE,18.32,20.08,3.12
STONE,18.32,20.16,3.12
STONE,18.32,20.24,3.12
STONE,18.32,20.32,3.12
STONE,18.32,20.4,3.12
GRASS,18.32,19.92,3.12
GRASS,18.32,20.4,3.1999998
GRASS,18.32,20.4,3.28
GRASS,18.32,20.4,3.36
STONE,18.32,20.4,3.44
GRASS,18.32,20.32,3.44
GRASS,18.32,20.4,3.52
GRASS,18.32,20.4,3.6
GRASS,18.32,20.4,3.6799998
GRASS,18.32,20.4,3.7599998
STONE,18.4,20.0,2.56
STONE,18.4,20.08,2.56
STONE,18.4,20.16,2.56
STONE,18.4,20.24,2.56
STONE,18.4,20.32,2.56
STONE,18.4,20.4,2.56
GRASS,18.4,19.92,2.56
STONE,18.4,20.0,2.6399999
STONE,18.4,20.08,2.6399999
STONE,18.4,20.16,2.6399999
STONE,18.4,20.24,2.6399999
STONE,18.4,20.32,2.6399999
STONE,18.4,20.4,2.6399999
GRASS,18.4,19.92,2.6399999
STONE,18.4,20.0,2.72
STONE,18.4,20.08,2.72
STONE,18.4,20.16,2.72
STONE,18.4,20.24,2.72
STONE,18.4,20.32,2.72
STONE,18.4,20.4,2.72
LOG,18.4,19.84,2.72
LOG,18.4,19.76,2.72
LOG,18.4,19.68,2.72
LOG,18.4,19.6,2.72
LOG,18.4,19.52,2.72
LEAF,18.4,19.44,2.72
LEAF,18.32,19.52,2.72
LEAF,18.48,19.52,2.72
LEAF,18.4,19.52,2.64
LEAF,18.4,19.52,2.8
DIRT,18.4,19.92,2.72
STONE,18.4,20.0,2.8
STONE,18.4,20.08,2.8
STONE,18.4,20.16,2.8
STONE,18.4,20.24,2.8
STONE,18.4,20.32,2.8
STONE,18.4,20.4,2.8
GRASS,18.4,19.92,2.8
STONE,18.4,20.0,2.8799999
STONE,18.4,20.08,2.8799999
STONE,18.4,20.16,2.8799999
STONE,18.4,20.24,2.8799999
STONE,18.4,20.32,2.8799999
STONE,18.4,20.4,2.8799999
GRASS,18.4,19.92,2.8799999
STONE,18.4,20.0,2.96
STONE,18.4,20.08,2.96
STONE,18.4,20.16,2.96
STONE,18.4,20.24,2.96
STONE,18.4,20.32,2.96
STONE,18.4,20.4,2.96
GRASS,18.4,19.92,2.96
STONE,18.4,20.4,3.04
GRASS,18.4,20.32,3.04
GRASS,18.4,20.4,3.12
GRASS,18.4,20.4,3.1999998
GRASS,18.4,20.4,3.28
GRASS,18.4,20.4,3.36
STONE,18.4,20.4,3.44
GRASS,18.4,20.32,3.44
GRASS,18.4,20.4,3.52
GRASS,18.4,20.4,3.6
GRASS,18.4,20.4,3.6799998
GRASS,18.4,20.4,3.7599998
STONE,18.48,20.0,2.56
STONE,18.48,20.08,2.56
STONE,18.48,20.16,2.56
STONE,18.48,20.24,2.56
STONE,18.48,20.32,2.56
STONE,18.48,20.4,2.56
GRASS,18.48,19.92,2.56
STONE,18.48,20.0,2.6399999
STONE,18.48,20.08,2.6399999
STONE,18.48,20.16,2.6399999
STONE,18.48,20.24,2.6399999
STONE,18.48,20.32,2.6399999
STONE,18.48,20.4,2.6399999
GRASS,18.48,19.92,2.6399999
STONE,18.48,20.0,2.72
STONE,18.48,20.08,2.72
STONE,18.48,20.16,2.72
STONE,18.48,20.24,2.72
STONE,18.48,20.32,2.72
STONE,18.48,20.4,2.72
GRASS,18.48,19.92,2.72
STONE,18.48,20.0,2.8
STONE,18.48,20.08,2.8
STONE,18.48,20.16,2.8
STONE,18.48,20.24,2.8
STONE,18.48,20.32,2.8
STONE,18.48,20.4,2.8
GRASS,18.48,19.92,2.8
STONE,18.48,20.0,2.8799999
STONE,18.48,20.08,2.8799999
STONE,18.48,20.16,2.8799999
STONE,18.48,20.24,2.8799999
STONE,18.48,20.32,2.8799999
STONE,18.48,20.4,2.8799999
GRASS,18.48,19.92,2.8799999
STONE,18.48,20.0,2.96
STONE,18.48,20.08,2.96
STONE,18.48,20.16,2.96
STONE,18.48,20.24,2.96
STONE,18.48,20.32,2.96
STONE,18.48,20.4,2.96
GRASS,18.48,19.92,2.96
STONE,18.48,20.0,3.04
STONE,18.48,20.08,3.04
STONE,18.48,20.16,3.04
STONE,18.48,20.24,3.04
STONE,18.48,20.32,3.04
STONE,18.48,20.4,3.04
GRASS,18.48,19.92,3.04
GRASS,18.48,20.4,3.12
GRASS,18.48,20.4,3.1999998
GRASS,18.48,20.4,3.28
STONE,18.48,20.4,3.36
GRASS,18.48,20.32,3.36
STONE,18.48,20.4,3.44
GRASS,18.48,20.32,3.44
STONE,18.48,20.4,3.52
GRASS,18.48,20.32,3.52
GRASS,18.48,20.4,3.6
GRASS,18.48,20.4,3.6799998
GRASS,18.48,20.4,3.7599998
STONE,18.56,20.0,2.56
STONE,18.56,20.08,2.56
STONE,18.56,20.16,2.56
STONE,18.56,20.24,2.56
STONE,18.56,20.32,2.56
STONE,18.56,20.4,2.56
GRASS,18.56,19.92,2.56
STONE,18.56,20.0,2.6399999
STONE,18.56,20.08,2.6399999
STONE,18.56,20.16,2.6399999
STONE,18.56,20.24,2.6399999
STONE,18.56,20.32,2.6399999
STONE,18.56,20.4,2.6399999
GRASS,18.56,19.92,2.6399999
STONE,18.56,20.0,2.72
STONE,18.56,20.08,2.72
STONE,18.56,20.16,2.72
STONE,18.56,20.24,2.72
STONE,18.56,20.32,2.72
STONE,18.56,20.4,2.72
GRASS,18.56,19.92,2.72
STONE,18.56,20.0,2.8
STONE,18.56,20.08,2.8
STONE,18.56,20.16,2.8
STONE,18.56,20.24,2.8
STONE,18.56,20.32,2.8
STONE,18.56,20.4,2.8
GRASS,18.56,19.92,2.8
STONE,18.56,20.0,2.8799999
STONE,18.56,20.08,2.8799999
STONE,18.56,20.16,2.8799999
STONE,18.56,20.24,2.8799999
STONE,18.56,20.32,2.8799999
STONE,18.56,20.4,2.8799999
GRASS,18.56,19.92,2.8799999
STONE,18.56,20.0,2.96
STONE,18.56,20.08,2.96
STONE,18.56,20.16,2.96
STONE,18.56,20.24,2.96
STONE,18.56,20.32,2.96
STONE,18.56,20.4,2.96
GRASS,18.56,19.92,2.96
GRASS,18.56,20.4,3.04
GRASS,18.56,20.4,3.12
STONE,18.56,20.32,3.1999998
STONE,18.56,20.4,3.1999998
GRASS,18.56,20.24,3.1999998
GRASS,18.56,20.4,3.28
GRASS,18.56,20.4,3.36
STONE,18.56,20.4,3.44
GRASS,18.56,20.32,3.44
GRASS,18.56,20.4,3.52
GRASS,18.56,20.4,3.6
STONE,18.56,20.4,3.6799998
GRASS,18.56,20.32,3.6799998
GRASS,18.56,20.4,3.7599998
STONE,18.64,20.0,2.56
STONE,18.64,20.08,2.56
STONE,18.64,20.16,2.56
STONE,18.64,20.24,2.56
STONE,18.64,20.32,2.56
STONE,18.64,20.4,2.56
GRASS,18.64,19.92,2.56
STONE,18.64,20.0,2.6399999
STONE,18.64,20.08,2.6399999
STONE,18.64,20.16,2.6399999
STONE,18.64,20.24,2.6399999
STONE,18.64,20.32,2.6399999
STONE,18.64,20.4,2.6399999
GRASS,18.64,19.92,2.6399999
STONE,18.64,20.0,2.72
STONE,18.64,20.08,2.72
STONE,18.64,20.16,2.72
STONE,18.64,20.24,2.72
STONE,18.64,20.32,2.72
STONE,18.64,20.4,2.72
GRASS,18.64,19.92,2.72
STONE,18.64,20.0,2.8
STONE,18.64,20.08,2.8
STONE,18.64,20.16,2.8
STONE,18.64,20.24,2.8
STONE,18.64,20.32,2.8
STONE,18.64,20.4,2.8
GRASS,18.64,19.92,2.8
STONE,18.64,20.0,2.8799999
STONE,18.64,20.08,2.8799999
STONE,18.64,20.16,2.8799999
STONE,18.64,20.24,2.8799999
STONE,18.64,20.32,2.8799999
STONE,18.64,20.4,2.8799999
GRASS,18.64,19.92,2.8799999
GRASS,18.64,20.4,2.96
GRASS,18.64,20.4,3.04
STONE,18.64,20.32,3.12
STONE,18.64,20.4,3.12
GRASS,18.64,20.24,3.12
STONE,18.64,20.32,3.1999998
STONE,18.64,20.4,3.1999998
GRASS,18.64,20.24,3.1999998
STONE,18.64,20.32,3.28
STONE,18.64,20.4,3.28
GRASS,18.64,20.24,3.28
GRASS,18.64,20.4,3.36
GRASS,18.64,20.4,3.44
GRASS,18.64,20.4,3.52
STONE,18.64,20.4,3.6
GRASS,18.64,20.32,3.6
GRASS,18.64,20.4,3.6799998
GRASS,18.64,20.4,3.7599998
GRASS,18.72,20.4,2.56
GRASS,18.72,20.4,2.6399999
STONE,18.72,20.0,2.72
STONE,18.72,20.08,2.72
STONE,18.72,20.16,2.72
STONE,18.72,20.24,2.72
STONE,18.72,20.32,2.72
STONE,18.72,20.4,2.72
GRASS,18.72,19.92,2.72
GRASS,18.72,20.4,2.8
GRASS,18.72,20.4,2.8799999
GRASS,18.72,20.4,2.96
GRASS,18.72,20.4,3.04
GRASS,18.72,20.4,3.12
STONE,18.72,20.32,3.1999998
STONE,18.72,20.4,3.1999998
GRASS,18.72,20.24,3.1999998
GRASS,18.72,20.4,3.28
GRASS,18.72,20.4,3.36
GRASS,18.72,20.4,3.44
STONE,18.72,20.4,3.52
LOG,18.72,20.24,3.52
LOG,18.72,20.16,3.52
LOG,18.72,20.08,3.52
LOG,18.72,20.0,3.52
LOG,18.72,19.92,3.52
LEAF,18.72,19.84,3.52
LEAF,18.64,19.92,3.52
LEAF,18.8,19.92,3.52
LEAF,18.72,19.92,3.44
LEAF,18.72,19.92,3.6
DIRT,18.72,20.32,3.52
STONE,18.72,20.4,3.6
GRASS,18.72,20.32,3.6
STONE,18.72,20.4,3.6799998
GRASS,18.72,20.32,3.6799998
STONE,18.72,20.4,3.7599998
GRASS,18.72,20.32,3.7599998
STONE,18.8,20.4,2.56
GRASS,18.8,20.32,2.56
GRASS,18.8,20.4,2.6399999
GRASS,18.8,20.4,2.72
GRASS,18.8,20.4,2.8
GRASS,18.8,20.4,2.8799999
GRASS,18.8,20.4,2.96
GRASS,18.8,20.4,3.04
GRASS,18.8,20.4,3.12
GRASS,18.8,20.4,3.1999998
GRASS,18.8,20.4,3.28
GRASS,18.8,20.4,3.36
GRASS,18.8,20.4,3.44
GRASS,18.8,20.4,3.52
STONE,18.8,20.4,3.6
GRASS,18.8,20.32,3.6
STONE,18.8,20.4,3.6799998
GRASS,18.8,20.32,3.6799998
STONE,18.8,20.4,3.7599998
GRASS,18.8,20.32,3.7599998
GRASS,18.88,20.4,2.56
GRASS,18.88,20.4,2.6399999
GRASS,18.88,20.4,2.72
GRASS,18.88,20.4,2.8
GRASS,18.88,20.4,2.8799999
GRASS,18.88,20.4,2.96
GRASS,18.88,20.4,3.04
GRASS,18.88,20.4,3.12
GRASS,18.88,20.4,3.1999998
GRASS,18.88,20.4,3.28
GRASS,18.88,20.4,3.36
GRASS,18.88,20.4,3.44
GRASS,18.88,20.4,3.52
GRASS,18.88,20.4,3.6
GRASS,18.88,20.4,3.6799998
STONE,18.88,20.4,3.7599998
LOG,18.88,20.24,3.7599998
LOG,18.88,20.16,3.7599998
LOG,18.88,20.08,3.7599998
LOG,18.88,20.0,3.7599998
LOG,18.88,19.92,3.7599998
LEAF,18.88,19.84,3.7599998
LEAF,18.8,19.92,3.7599998
LEAF,18.96,19.92,3.7599998
LEAF,18.88,19.92,3.6799998
LEAF,18.88,19.92,3.8399997
DIRT,18.88,20.32,3.7599998
GRASS,18.96,20.4,2.56
GRASS,18.96,20.4,2.6399999
GRASS,18.96,20.4,2.72
GRASS,18.96,20.4,2.8
GRASS,18.96,20.4,2.8799999
GRASS,18.96,20.4,2.96
GRASS,18.96,20.4,3.04
GRASS,18.96,20.4,3.12
GRASS,18.96,20.4,3.1999998
GRASS,18.96,20.4,3.28
GRASS,18.96,20.4,3.36
GRASS,18.96,20.4,3.44
GRASS,18.96,20.4,3.52
GRASS,18.96,20.4,3.6
GRASS,18.96,20.4,3.6799998
GRASS,18.96,20.4,3.7599998
GRASS,19.04,20.4,2.56
GRASS,19.04,20.4,2.6399999
GRASS,19.04,20.4,2.72
GRASS,19.04,20.4,2.8
GRASS,19.04,20.4,2.8799999
GRASS,19.04,20.4,2.96
GRASS,19.04,20.4,3.04
GRASS,19.04,20.4,3.12
GRASS,19.04,20.4,3.1999998
GRASS,19.04,20.4,3.28
GRASS,19.04,20.4,3.36
GRASS,19.04,20.4,3.44
GRASS,19.04,20.4,3.52
LOG,19.04,20.32,3.6
LOG,19.04,20.24,3.6
LOG,19.04,20.16,3.6
LOG,19.04,20.08,3.6
LEAF,19.04,20.0,3.6
LEAF,18.960001,20.08,3.6
LEAF,19.12,20.08,3.6
LEAF,19.04,20.08,3.52
LEAF,19.04,20.08,3.6799998
DIRT,19.04,20.4,3.6
GRASS,19.04,20.4,3.6799998
GRASS,19.04,20.4,3.7599998
GRASS,19.12,20.4,2.56
GRASS,19.12,20.4,2.6399999
GRASS,19.12,20.4,2.72
GRASS,19.12,20.4,2.8
GRASS,19.12,20.4,2.8799999
GRASS,19.12,20.4,2.96
GRASS,19.12,20.4,3.04
GRASS,19.12,20.4,3.12
GRASS,19.12,20.4,3.1999998
STONE,19.12,20.4,3.28
GRASS,19.12,20.32,3.28
GRASS,19.12,20.4,3.36
GRASS,19.12,20.4,3.44
GRASS,19.12,20.4,3.52
GRASS,19.12,20.4,3.6
GRASS,19.12,20.4,3.6799998
GRASS,19.12,20.4,3.7599998
