GRASS,17.92,20.4,5.12
GRASS,17.92,20.4,5.2
GRASS,17.92,20.4,5.2799997
GRASS,17.92,20.4,5.3599997
GRASS,17.92,20.4,5.44
GRASS,17.92,20.4,5.52
GRASS,17.92,20.4,5.6
GRASS,17.92,20.4,5.68
STONE,17.92,20.4,5.7599998
GRASS,17.92,20.32,5.7599998
STONE,17.92,20.4,5.8399997
GRASS,17.92,20.32,5.8399997
STONE,17.92,20.4,5.92
GRASS,17.92,20.32,5.92
GRASS,17.92,20.4,6.0
GRASS,17.92,20.4,6.08
GRASS,17.92,20.4,6.16
GRASS,17.92,20.4,6.24
STONE,17.92,20.4,6.3199997
GRASS,17.92,20.32,6.3199997
GRASS,18.0,20.4,5.12
GRASS,18.0,20.4,5.2
GRASS,18.0,20.4,5.2799997
GRASS,18.0,20.4,5.3599997
STONE,18.0,20.32,5.44
STONE,18.0,20.4,5.44
GRASS,18.0,20.24,5.44
GRASS,18.0,20.4,5.52
STONE,18.0,20.24,5.6
STONE,18.0,20.32,5.6
STONE,18.0,20.4,5.6
GRASS,18.0,20.16,5.6
GRASS,18.0,20.4,5.68
GRASS,18.0,20.4,5.7599998
STONE,18.0,20.4,5.8399997
GRASS,18.0,20.32,5.8399997
GRASS,18.0,20.4,5.92
GRASS,18.0,20.4,6.0
STONE,18.0,20.32,6.08
STONE,18.0,20.4,6.08
GRASS,18.0,20.24,6.08
GRASS,18.0,20.4,6.16
GRASS,18.0,20.4,6.24
GRASS,18.0,20.4,6.3199997
GRASS,18.08,20.4,5.12
GRASS,18.08,20.4,5.2
GRASS,18.08,20.4,5.2799997
STONE,18.08,20.32,5.3599997
STONE,18.08,20.4,5.3599997
GRASS,18.08,20.24,5.3599997
STONE,18.08,20.24,5.44
STONE,18.08,20.32,5.44
STONE,18.08,20.4,5.44
GRASS,18.08,20.16,5.44
STONE,18.08,20.24,5.52
STONE,18.08,20.32,5.52
STONE,18.08,20.4,5.52
GRASS,18.08,20.16,5.52
STONE,18.08,20.24,5.6
STONE,18.08,20.32,5.6
STONE,18.08,20.4,5.6
GRASS,18.08,20.16,5.6
STONE,18.08,20.24,5.68
STONE,18.08,20.32,5.68
STONE,18.08,20.4,5.68
GRASS,18.08,20.16,5.68
STONE,18.08,20.24,5.7599998
STONE,18.08,20.32,5.7599998
STONE,18.08,20.4,5.7599998
GRASS,18.08,20.16,5.7599998
GRASS,18.08,20.4,5.8399997
GRASS,18.08,20.4,5.92
STONE,18.08,20.32,6.0
STONE,18.08,20.4,6.0
GRASS,18.08,20.24,6.0
STONE,18.08,20.32,6.08
STONE,18.08,20.4,6.08
GRASS,18.08,20.24,6.08
STONE,18.08,20.32,6.16
STONE,18.08,20.4,6.16
GRASS,18.08,20.24,6.16
GRASS,18.08,20.4,6.24
STONE,18.08,20.24,6.3199997
STONE,18.08,20.32,6.3199997
STONE,18.08,20.4,6.3199997
GRASS,18.08,20.16,6.3199997
GRASS,18.16,20.4,5.12
GRASS,18.16,20.4,5.2
GRASS,18.16,20.4,5.2799997
GRASS,18.16,20.4,5.3599997
STONE,18.16,20.24,5.44
STONE,18.16,20.32,5.44
STONE,18.16,20.4,5.44
GRASS,18.16,20.16,5.44
STONE,18.16,20.24,5.52
STONE,18.16,20.32,5.52
STONE,18.16,20.4,5.52
GRASS,18.16,20.16,5.52
STONE,18.16,20.24,5.6
STONE,18.16,20.32,5.6
STONE,18.16,20.4,5.6
GRASS,18.16,20.16,5.6
STONE,18.16,20.24,5.68
STONE,18.16,20.32,5.68
STONE,18.16,20.4,5.68
GRASS,18.16,20.16,5.68
STONE,18.16,20.24,5.7599998
STONE,18.16,20.32,5.7599998
STONE,18.16,20.4,5.7599998
DIRT,18.16,20.16,5.7599998
LOG,18.16,20.32,5.8399997
LOG,18.16,20.24,5.8399997
LOG,18.16,20.16,5.8399997
LOG,18.16,20.08,5.8399997
LEAF,18.16,20.0,5.8399997
LEAF,18.08,20.08,5.8399997
LEAF,18.24,20.08,5.8399997
LEAF,18.16,20.08,5.7599998
LEAF,18.16,20.08,5.9199996
DIRT,18.16,20.4,5.8399997
GRASS,18.16,20.4,5.92
GRASS,18.16,20.4,6.0
STONE,18.16,20.32,6.08
STONE,18.16,20.4,6.08
GRASS,18.16,20.24,6.08
GRASS,18.16,20.4,6.16
STONE,18.16,20.24,6.24
STONE,18.16,20.32,6.24
STONE,18.16,20.4,6.24
GRASS,18.16,20.16,6.24
STONE,18.16,20.24,6.3199997
STONE,18.16,20.32,6.3199997
STONE,18.16,20.4,6.3199997
GRASS,18.16,20.16,6.3199997
GRASS,18.24,20.4,5.12
GRASS,18.24,20.4,5.2
GRASS,18.24,20.4,5.2799997
STONE,18.24,20.24,5.3599997
STONE,18.24,20.32,5.3599997
STONE,18.24,20.4,5.3599997
GRASS,18.24,20.16,5.3599997
STONE,18.24,20.24,5.44
STONE,18.24,20.32,5.44
STONE,18.24,20.4,5.44
GRASS,18.24,20.16,5.44
STONE,18.24,20.24,5.52
STONE,18.24,20.32,5.52
STONE,18.24,20.4,5.52
GRASS,18.24,20.16,5.52
STONE,18.24,20.24,5.6
STONE,18.24,20.32,5.6
STONE,18.24,20.4,5.6
GRASS,18.24,20.16,5.6
STONE,18.24,20.24,5.68
STONE,18.24,20.32,5.68
STONE,18.24,20.4,5.68
LOG,18.24,20.08,5.68
LOG,18.24,20.0,5.68
LOG,18.24,19.92,5.68
LOG,18.24,19.84,5.68
LOG,18.24,19.76,5.68
LEAF,18.24,19.68,5.68
LEAF,18.16,19.76,5.68
LEAF,18.32,19.76,5.68
LEAF,18.24,19.76,5.6
LEAF,18.24,19.76,5.7599998
DIRT,18.24,20.16,5.68
STONE,18.24,20.24,5.7599998
STONE,18.24,20.32,5.7599998
STONE,18.24,20.4,5.7599998
GRASS,18.24,20.16,5.7599998
STONE,18.24,20.24,5.8399997
STONE,18.24,20.32,5.8399997
STONE,18.24,20.4,5.8399997
DIRT,18.24,20.16,5.8399997
GRASS,18.24,20.4,5.92
GRASS,18.24,20.4,6.0
GRASS,18.24,20.4,6.08
STONE,18.24,20.24,6.16
STONE,18.24,20.32,6.16
STONE,18.24,20.4,6.16
GRASS,18.24,20.16,6.16
STONE,18.24,20.24,6.24
STONE,18.24,20.32,6.24
STONE,18.24,20.4,6.24
GRASS,18.24,20.16,6.24
STONE,18.24,20.24,6.3199997
STONE,18.24,20.32,6.3199997
STONE,18.24,20.4,6.3199997
GRASS,18.24,20.16,6.3199997
GRASS,18.32,20.4,5.12
GRASS,18.32,20.4,5.2
GRASS,18.32,20.4,5.2799997
GRASS,18.32,20.4,5.3599997
STONE,18.32,20.24,5.44
STONE,18.32,20.32,5.44
STONE,18.32,20.4,5.44
GRASS,18.32,20.16,5.44
STONE,18.32,20.24,5.52
STONE,18.32,20.32,5.52
STONE,18.32,20.4,5.52
GRASS,18.32,20.16,5.52
STONE,18.32,20.24,5.6
STONE,18.32,20.32,5.6
STONE,18.32,20.4,5.6
GRASS,18.32,20.16,5.6
STONE,18.32,20.24,5.68
STONE,18.32,20.32,5.68
STONE,18.32,20.4,5.68
GRASS,18.32,20.16,5.68
STONE,18.32,20.16,5.7599998
STONE,18.32,20.24,5.7599998
STONE,18.32,20.32,5.7599998
STONE,18.32,20.4,5.7599998
GRASS,18.32,20.08,5.7599998
GRASS,18.32,20.4,5.8399997
GRASS,18.32,20.4,5.92
GRASS,18.32,20.4,6.0
GRASS,18.32,20.4,6.08
GRASS,18.32,20.4,6.16
STONE,18.32,20.24,6.24
STONE,18.32,20.32,6.24
STONE,18.32,20.4,6.24
GRASS,18.32,20.16,6.24
STONE,18.32,20.24,6.3199997
STONE,18.32,20.32,6.3199997
STONE,18.32,20.4,6.3199997
GRASS,18.32,20.16,6.3199997
GRASS,18.4,20.4,5.12
STONE,18.4,20.4,5.2
GRASS,18.4,20.32,5.2
GRASS,18.4,20.4,5.2799997
GRASS,18.4,20.4,5.3599997
STONE,18.4,20.4,5.44
GRASS,18.4,20.32,5.44
STONE,18.4,20.24,5.52
STONE,18.4,20.32,5.52
STONE,18.4,20.4,5.52
GRASS,18.4,20.16,5.52
STONE,18.4,20.16,5.6
STONE,18.4,20.24,5.6
STONE,18.4,20.32,5.6
STONE,18.4,20.4,5.6
GRASS,18.4,20.08,5.6
STONE,18.4,20.16,5.68
STONE,18.4,20.24,5.68
STONE,18.4,20.32,5.68
STONE,18.4,20.4,5.68
GRASS,18.4,20.08,5.68
STONE,18.4,20.16,5.7599998
STONE,18.4,20.24,5.7599998
STONE,18.4,20.32,5.7599998
STONE,18.4,20.4,5.7599998
GRASS,18.4,20.08,5.7599998
STONE,18.4,20.16,5.8399997
STONE,18.4,20.24,5.8399997
STONE,18.4,20.32,5.8399997
STONE,18.4,20.4,5.8399997
GRASS,18.4,20.08,5.8399997
STONE,18.4,20.16,5.92
STONE,18.4,20.24,5.92
STONE,18.4,20.32,5.92
STONE,18.4,20.4,5.92
GRASS,18.4,20.08,5.92
GRASS,18.4,20.4,6.0
GRASS,18.4,20.4,6.08
GRASS,18.4,20.4,6.16
STONE,18.4,20.08,6.24
STONE,18.4,20.16,6.24
STONE,18.4,20.24,6.24
STONE,18.4,20.32,6.24
STONE,18.4,20.4,6.24
GRASS,18.4,20.0,6.24
STONE,18.4,20.08,6.3199997
STONE,18.4,20.16,6.3199997
STONE,18.4,20.24,6.3199997
STONE,18.4,20.32,6.3199997
STONE,18.4,20.4,6.3199997
GRASS,18.4,20.0,6.3199997
GRASS,18.48,20.4,5.12
GRASS,18.48,20.4,5.2
GRASS,18.48,20.4,5.2799997
STONE,18.48,20.4,5.3599997
GRASS,18.48,20.32,5.3599997
STONE,18.48,20.4,5.44
GRASS,18.48,20.32,5.44
STONE,18.48,20.4,5.52
GRASS,18.48,20.32,5.52
STONE,18.48,20.16,5.6
STONE,18.48,20.24,5.6
STONE,18.48,20.32,5.6
STONE,18.48,20.4,5.6
GRASS,18.48,20.08,5.6
STONE,18.48,20.16,5.68
STONE,18.48,20.24,5.68
STONE,18.48,20.32,5.68
STONE,18.48,20.4,5.68
GRASS,18.48,20.08,5.68
STONE,18.48,20.16,5.7599998
STONE,18.48,20.24,5.7599998
STONE,18.48,20.32,5.7599998
STONE,18.48,20.4,5.7599998
GRASS,18.48,20.08,5.7599998
STONE,18.48,20.16,5.8399997
STONE,18.48,20.24,5.8399997
STONE,18.48,20.32,5.8399997
STONE,18.48,20.4,5.8399997
GRASS,18.48,20.08,5.8399997
STONE,18.48,20.16,5.92
STONE,18.48,20.24,5.92
STONE,18.48,20.32,5.92
STONE,18.48,20.4,5.92
GRASS,18.48,20.08,5.92
STONE,18.48,20.16,6.0
STONE,18.48,20.24,6.0
STONE,18.48,20.32,6.0
STONE,18.48,20.4,6.0
GRASS,18.48,20.08,6.0
GRASS,18.48,20.4,6.08
STONE,18.48,20.08,6.16
STONE,18.48,20.16,6.16
STONE,18.48,20.24,6.16
STONE,18.48,20.32,6.16
STONE,18.48,20.4,6.16
GRASS,18.48,20.0,6.16
STONE,18.48,20.08,6.24
STONE,18.48,20.16,6.24
STONE,18.48,20.24,6.24
STONE,18.48,20.32,6.24
STONE,18.48,20.4,6.24
GRASS,18.48,20.0,6.24
STONE,18.48,20.08,6.3199997
STONE,18.48,20.16,6.3199997
STONE,18.48,20.24,6.3199997
STONE,18.48,20.32,6.3199997
STONE,18.48,20.4,6.3199997
GRASS,18.48,20.0,6.3199997
GRASS,18.56,20.4,5.12
GRASS,18.56,20.4,5.2
STONE,18.56,20.4,5.2799997
GRASS,18.56,20.32,5.2799997
STONE,18.56,20.4,5.3599997
LOG,18.56,20.24,5.3599997
LOG,18.56,20.16,5.3599997
LOG,18.56,20.08,5.3599997
LOG,18.56,20.0,5.3599997
LEAF,18.56,19.92,5.3599997
LEAF,18.48,20.0,5.3599997
LEAF,18.64,20.0,5.3599997
LEAF,18.56,20.0,5.2799997
LEAF,18.56,20.0,5.4399996
DIRT,18.56,20.32,5.3599997
STONE,18.56,20.32,5.44
STONE,18.56,20.4,5.44
GRASS,18.56,20.24,5.44
STONE,18.56,20.16,5.52
STONE,18.56,20.24,5.52
STONE,18.56,20.32,5.52
STONE,18.56,20.4,5.52
GRASS,18.56,20.08,5.52
STONE,18.56,20.16,5.6
STONE,18.56,20.24,5.6
STONE,18.56,20.32,5.6
STONE,18.56,20.4,5.6
GRASS,18.56,20.08,5.6
STONE,18.56,20.16,5.68
STONE,18.56,20.24,5.68
STONE,18.56,20.32,5.68
STONE,18.56,20.4,5.68
GRASS,18.56,20.08,5.68
STONE,18.56,20.16,5.7599998
STONE,18.56,20.24,5.7599998
STONE,18.56,20.32,5.7599998
STONE,18.56,20.4,5.7599998
GRASS,18.56,20.08,5.7599998
STONE,18.56,20.4,5.8399997
GRASS,18.56,20.32,5.8399997
STONE,18.56,20.16,5.92
STONE,18.56,20.24,5.92
STONE,18.56,20.32,5.92
STONE,18.56,20.4,5.92
GRASS,18.56,20.08,5.92
STONE,18.56,20.16,6.0
STONE,18.56,20.24,6.0
STONE,18.56,20.32,6.0
STONE,18.56,20.4,6.0
GRASS,18.56,20.08,6.0
GRASS,18.56,20.4,6.08
STONE,18.56,20.08,6.16
STONE,18.56,20.16,6.16
STONE,18.56,20.24,6.16
STONE,18.56,20.32,6.16
STONE,18.56,20.4,6.16
GRASS,18.56,20.0,6.16
STONE,18.56,20.08,6.24
STONE,18.56,20.16,6.24
STONE,18.56,20.24,6.24
STONE,18.56,20.32,6.24
STONE,18.56,20.4,6.24
GRASS,18.56,20.0,6.24
STONE,18.56,20.08,6.3199997
STONE,18.56,20.16,6.3199997
STONE,18.56,20.24,6.3199997
STONE,18.56,20.32,6.3199997
STONE,18.56,20.4,6.3199997
GRASS,18.56,20.0,6.3199997
GRASS,18.64,20.4,5.12
GRASS,18.64,20.4,5.2
GRASS,18.64,20.4,5.2799997
STONE,18.64,20.4,5.3599997
GRASS,18.64,20.32,5.3599997
STONE,18.64,20.4,5.44
GRASS,18.64,20.32,5.44
STONE,18.64,20.16,5.52
STONE,18.64,20.24,5.52
STONE,18.64,20.32,5.52
STONE,18.64,20.4,5.52
GRASS,18.64,20.08,5.52
STONE,18.64,20.16,5.6
STONE,18.64,20.24,5.6
STONE,18.64,20.32,5.6
STONE,18.64,20.4,5.6
GRASS,18.64,20.08,5.6
STONE,18.64,20.16,5.68
STONE,18.64,20.24,5.68
STONE,18.64,20.32,5.68
STONE,18.64,20.4,5.68
GRASS,18.64,20.08,5.68
STONE,18.64,20.16,5.7599998
STONE,18.64,20.24,5.7599998
STONE,18.64,20.32,5.7599998
STONE,18.64,20.4,5.7599998
GRASS,18.64,20.08,5.7599998
STONE,18.64,20.16,5.8399997
STONE,18.64,20.24,5.8399997
STONE,18.64,20.32,5.8399997
STONE,18.64,20.4,5.8399997
GRASS,18.64,20.08,5.8399997
STONE,18.64,20.4,5.92
GRASS,18.64,20.32,5.92
STONE,18.64,20.16,6.0
STONE,18.64,20.24,6.0
STONE,18.64,20.32,6.0
STONE,18.64,20.4,6.0
GRASS,18.64,20.08,6.0
STONE,18.64,20.08,6.08
STONE,18.64,20.16,6.08
STONE,18.64,20.24,6.08
STONE,18.64,20.32,6.08
STONE,18.64,20.4,6.08
GRASS,18.64,20.0,6.08
STONE,18.64,20.08,6.16
STONE,18.64,20.16,6.16
STONE,18.64,20.24,6.16
STONE,18.64,20.32,6.16
STONE,18.64,20.4,6.16
GRASS,18.64,20.0,6.16
STONE,18.64,20.16,6.24
STONE,18.64,20.24,6.24
STONE,18.64,20.32,6.24
STONE,18.64,20.4,6.24
GRASS,18.64,20.08,6.24
STONE,18.64,20.08,6.3199997
STONE,18.64,20.16,6.3199997
STONE,18.64,20.24,6.3199997
STONE,18.64,20.32,6.3199997
STONE,18.64,20.4,6.3199997
GRASS,18.64,20.0,6.3199997
GRASS,18.72,20.4,5.12
GRASS,18.72,20.4,5.2
GRASS,18.72,20.4,5.2799997
GRASS,18.72,20.4,5.3599997
STONE,18.72,20.4,5.44
GRASS,18.72,20.32,5.44
STONE,18.72,20.16,5.52
STONE,18.72,20.24,5.52
STONE,18.72,20.32,5.52
STONE,18.72,20.4,5.52
GRASS,18.72,20.08,5.52
STONE,18.72,20.16,5.6
STONE,18.72,20.24,5.6
STONE,18.72,20.32,5.6
STONE,18.72,20.4,5.6
GRASS,18.72,20.08,5.6
STONE,18.72,20.16,5.68
STONE,18.72,20.24,5.68
STONE,18.72,20.32,5.68
STONE,18.72,20.4,5.68
GRASS,18.72,20.08,5.68
STONE,18.72,20.32,5.7599998
STONE,18.72,20.4,5.7599998
GRASS,18.72,20.24,5.7599998
STONE,18.72,20.16,5.8399997
STONE,18.72,20.24,5.8399997
STONE,18.72,20.32,5.8399997
STONE,18.72,20.4,5.8399997
GRASS,18.72,20.08,5.8399997
STONE,18.72,20.4,5.92
GRASS,18.72,20.32,5.92
STONE,18.72,20.4,6.0
GRASS,18.72,20.32,6.0
STONE,18.72,20.16,6.08
STONE,18.72,20.24,6.08
STONE,18.72,20.32,6.08
STONE,18.72,20.4,6.08
GRASS,18.72,20.08,6.08
STONE,18.72,20.16,6.16
STONE,18.72,20.24,6.16
STONE,18.72,20.32,6.16
STONE,18.72,20.4,6.16
GRASS,18.72,20.08,6.16
STONE,18.72,20.16,6.24
STONE,18.72,20.24,6.24
STONE,18.72,20.32,6.24
STONE,18.72,20.4,6.24
GRASS,18.72,20.08,6.24
STONE,18.72,20.16,6.3199997
STONE,18.72,20.24,6.3199997
STONE,18.72,20.32,6.3199997
STONE,18.72,20.4,6.3199997
GRASS,18.72,20.08,6.3199997
GRASS,18.8,20.4,5.12
GRASS,18.8,20.4,5.2
GRASS,18.8,20.4,5.2799997
GRASS,18.8,20.4,5.3599997
STONE,18.8,20.16,5.44
STONE,18.8,20.24,5.44
STONE,18.8,20.32,5.44
STONE,18.8,20.4,5.44
GRASS,18.8,20.08,5.44
STONE,18.8,20.16,5.52
STONE,18.8,20.24,5.52
STONE,18.8,20.32,5.52
STONE,18.8,20.4,5.52
GRASS,18.8,20.08,5.52
STONE,18.8,20.16,5.6
STONE,18.8,20.24,5.6
STONE,18.8,20.32,5.6
STONE,18.8,20.4,5.6
GRASS,18.8,20.08,5.6
STONE,18.8,20.32,5.68
STONE,18.8,20.4,5.68
GRASS,18.8,20.24,5.68
STONE,18.8,20.32,5.7599998
STONE,18.8,20.4,5.7599998
GRASS,18.8,20.24,5.7599998
STONE,18.8,20.32,5.8399997
STONE,18.8,20.4,5.8399997
GRASS,18.8,20.24,5.8399997
STONE,18.8,20.16,5.92
STONE,18.8,20.24,5.92
STONE,18.8,20.32,5.92
STONE,18.8,20.4,5.92
GRASS,18.8,20.08,5.92
STONE,18.8,20.16,6.0
STONE,18.8,20.24,6.0
STONE,18.8,20.32,6.0
STONE,18.8,20.4,6.0
GRASS,18.8,20.08,6.0
STONE,18.8,20.16,6.08
STONE,18.8,20.24,6.08
STONE,18.8,20.32,6.08
STONE,18.8,20.4,6.08
GRASS,18.8,20.08,6.08
STONE,18.8,20.16,6.16
STONE,18.8,20.24,6.16
STONE,18.8,20.32,6.16
STONE,18.8,20.4,6.16
GRASS,18.8,20.08,6.16
STONE,18.8,20.16,6.24
STONE,18.8,20.24,6.24
STONE,18.8,20.32,6.24
STONE,18.8,20.4,6.24
GRASS,18.8,20.08,6.24
STONE,18.8,20.16,6.3199997
STONE,18.8,20.24,6.3199997
STONE,18.8,20.32,6.3199997
STONE,18.8,20.4,6.3199997
GRASS,18.8,20.08,6.3199997
GRASS,18.88,20.4,5.12
GRASS,18.88,20.4,5.2
GRASS,18.88,20.4,5.2799997
GRASS,18.88,20.4,5.3599997
STONE,18.88,20.4,5.44
GRASS,18.88,20.32,5.44
STONE,18.88,20.16,5.52
STONE,18.88,20.24,5.52
STONE,18.88,20.32,5.52
STONE,18.88,20.4,5.52
GRASS,18.88,20.08,5.52
STONE,18.88,20.16,5.6
STONE,18.88,20.24,5.6
STONE,18.88,20.32,5.6
STONE,18.88,20.4,5.6
GRASS,18.88,20.08,5.6
STONE,18.88,20.16,5.68
STONE,18.88,20.24,5.68
STONE,18.88,20.32,5.68
STONE,18.88,20.4,5.68
GRASS,18.88,20.08,5.68
STONE,18.88,20.32,5.7599998
STONE,18.88,20.4,5.7599998
GRASS,18.88,20.24,5.7599998
STONE,18.88,20.16,5.8399997
STONE,18.88,20.24,5.8399997
STONE,18.88,20.32,5.8399997
STONE,18.88,20.4,5.8399997
GRASS,18.88,20.08,5.8399997
GRASS,18.88,20.4,5.92
STONE,18.88,20.16,6.0
STONE,18.88,20.24,6.0
STONE,18.88,20.32,6.0
STONE,18.88,20.4,6.0
GRASS,18.88,20.08,6.0
STONE,18.88,20.32,6.08
STONE,18.88,20.4,6.08
GRASS,18.88,20.24,6.08
STONE,18.88,20.16,6.16
STONE,18.88,20.24,6.16
STONE,18.88,20.32,6.16
STONE,18.88,20.4,6.16
GRASS,18.88,20.08,6.16
STONE,18.88,20.16,6.24
STONE,18.88,20.24,6.24
STONE,18.88,20.32,6.24
STONE,18.88,20.4,6.24
GRASS,18.88,20.08,6.24
STONE,18.88,20.16,6.3199997
STONE,18.88,20.24,6.3199997
STONE,18.88,20.32,6.3199997
STONE,18.88,20.4,6.3199997
GRASS,18.88,20.08,6.3199997
GRASS,18.96,20.4,5.12
GRASS,18.96,20.4,5.2
GRASS,18.96,20.4,5.2799997
GRASS,18.96,20.4,5.3599997
GRASS,18.96,20.4,5.44
STONE,18.96,20.16,5.52
STONE,18.96,20.24,5.52
STONE,18.96,20.32,5.52
STONE,18.96,20.4,5.52
GRASS,18.96,20.08,5.52
STONE,18.96,20.16,5.6
STONE,18.96,20.24,5.6
STONE,18.96,20.32,5.6
STONE,18.96,20.4,5.6
GRASS,18.96,20.08,5.6
STONE,18.96,20.16,5.68
STONE,18.96,20.24,5.68
STONE,18.96,20.32,5.68
STONE,18.96,20.4,5.68
GRASS,18.96,20.08,5.68
STONE,18.96,20.16,5.7599998
STONE,18.96,20.24,5.7599998
STONE,18.96,20.32,5.7599998
STONE,18.96,20.4,5.7599998
GRASS,18.96,20.08,5.7599998
STONE,18.96,20.16,5.8399997
STONE,18.96,20.24,5.8399997
STONE,18.96,20.32,5.8399997
STONE,18.96,20.4,5.8399997
GRASS,18.96,20.08,5.8399997
STONE,18.96,20.32,5.92
STONE,18.96,20.4,5.92
GRASS,18.96,20.24,5.92
STONE,18.96,20.32,6.0
STONE,18.96,20.4,6.0
GRASS,18.96,20.24,6.0
STONE,18.96,20.32,6.08
STONE,18.96,20.4,6.08
GRASS,18.96,20.24,6.08
STONE,18.96,20.32,6.16
STONE,18.96,20.4,6.16
GRASS,18.96,20.24,6.16
STONE,18.96,20.32,6.24
STONE,18.96,20.4,6.24
GRASS,18.96,20.24,6.24
STONE,18.96,20.16,6.3199997
STONE,18.96,20.24,6.3199997
STONE,18.96,20.32,6.3199997
STONE,18.96,20.4,6.3199997
GRASS,18.96,20.08,6.3199997
GRASS,19.04,20.4,5.12
GRASS,19.04,20.4,5.2
GRASS,19.04,20.4,5.2799997
STONE,19.04,20.4,5.3599997
GRASS,19.04,20.32,5.3599997
STONE,19.04,20.4,5.44
GRASS,19.04,20.32,5.44
GRASS,19.04,20.4,5.52
GRASS,19.04,20.4,5.6
STONE,19.04,20.16,5.68
STONE,19.04,20.24,5.68
STONE,19.04,20.32,5.68
STONE,19.04,20.4,5.68
GRASS,19.04,20.08,5.68
GRASS,19.04,20.4,5.7599998
GRASS,19.04,20.4,5.8399997
STONE,19.04,20.32,5.92
STONE,19.04,20.4,5.92
GRASS,19.04,20.24,5.92
STONE,19.04,20.32,6.0
STONE,19.04,20.4,6.0
GRASS,19.04,20.24,6.0
STONE,19.04,20.32,6.08
STONE,19.04,20.4,6.08
GRASS,19.04,20.24,6.08
STONE,19.04,20.32,6.16
STONE,19.04,20.4,6.16
GRASS,19.04,20.24,6.16
STONE,19.04,20.32,6.24
STONE,19.04,20.4,6.24
GRASS,19.04,20.24,6.24
STONE,19.04,20.16,6.3199997
STONE,19.04,20.24,6.3199997
STONE,19.04,20.32,6.3199997
STONE,19.04,20.4,6.3199997
GRASS,19.04,20.08,6.3199997
GRASS,19.12,20.4,5.12
GRASS,19.12,20.4,5.2
GRASS,19.12,20.4,5.2799997
STONE,19.12,20.4,5.3599997
GRASS,19.12,20.32,5.3599997
STONE,19.12,20.4,5.44
GRASS,19.12,20.32,5.44
STONE,19.12,20.4,5.52
GRASS,19.12,20.32,5.52
GRASS,19.12,20.4,5.6
GRASS,19.12,20.4,5.68
GRASS,19.12,20.4,5.7599998
STONE,19.12,20.32,5.8399997
STONE,19.12,20.4,5.8399997
GRASS,19.12,20.24,5.8399997
STONE,19.12,20.32,5.92
STONE,19.12,20.4,5.92
GRASS,19.12,20.24,5.92
STONE,19.12,20.32,6.0
STONE,19.12,20.4,6.0
GRASS,19.12,20.24,6.0
STONE,19.12,20.16,6.08
STONE,19.12,20.24,6.08
STONE,19.12,20.32,6.08
STONE,19.12,20.4,6.08
GRASS,19.12,20.08,6.08
STONE,19.12,20.32,6.16
STONE,19.12,20.4,6.16
GRASS,19.12,20.24,6.16
STONE,19.12,20.32,6.24
STONE,19.12,20.4,6.24
GRASS,19.12,20.24,6.24
STONE,19.12,20.08,6.3199997
STONE,19.12,20.16,6.3199997
STONE,19.12,20.24,6.3199997
STONE,19.12,20.32,6.3199997
STONE,19.12,20.4,6.3199997
GRASS,19.12,20.0,6.3199997
