STONE,19.199999,20.08,6.3999996
STONE,19.199999,20.16,6.3999996
STONE,19.199999,20.24,6.3999996
STONE,19.199999,20.32,6.3999996
STONE,19.199999,20.4,6.3999996
GRASS,19.199999,20.0,6.3999996
STONE,19.199999,20.08,6.4799995
STONE,19.199999,20.16,6.4799995
STONE,19.199999,20.24,6.4799995
STONE,19.199999,20.32,6.4799995
STONE,19.199999,20.4,6.4799995
GRASS,19.199999,20.0,6.4799995
STONE,19.199999,20.08,6.5599995
STONE,19.199999,20.16,6.5599995
STONE,19.199999,20.24,6.5599995
STONE,19.199999,20.32,6.5599995
STONE,19.199999,20.4,6.5599995
GRASS,19.199999,20.0,6.5599995
STONE,19.199999,20.08,6.6399994
STONE,19.199999,20.16,6.6399994
STONE,19.199999,20.24,6.6399994
STONE,19.199999,20.32,6.6399994
STONE,19.199999,20.4,6.6399994
GRASS,19.199999,20.0,6.6399994
STONE,19.199999,20.08,6.72
STONE,19.199999,20.16,6.72
STONE,19.199999,20.24,6.72
STONE,19.199999,20.32,6.72
STONE,19.199999,20.4,6.72
GRASS,19.199999,20.0,6.72
STONE,19.199999,20.16,6.7999997
STONE,19.199999,20.24,6.7999997
STONE,19.199999,20.32,6.7999997
STONE,19.199999,20.4,6.7999997
GRASS,19.199999,20.08,6.7999997
STONE,19.199999,20.16,6.8799996
STONE,19.199999,20.24,6.8799996
STONE,19.199999,20.32,6.8799996
STONE,19.199999,20.4,6.8799996
GRASS,19.199999,20.08,6.8799996
STONE,19.199999,20.16,6.9599996
STONE,19.199999,20.24,6.9599996
STONE,19.199999,20.32,6.9599996
STONE,19.199999,20.4,6.9599996
GRASS,19.199999,20.08,6.9599996
STONE,19.199999,20.16,7.0399995
STONE,19.199999,20.24,7.0399995
STONE,19.199999,20.32,7.0399995
STONE,19.199999,20.4,7.0399995
GRASS,19.199999,20.08,7.0399995
STONE,19.199999,20.16,7.1199994
STONE,19.199999,20.24,7.1199994
STONE,19.199999,20.32,7.1199994
STONE,19.199999,20.4,7.1199994
GRASS,19.199999,20.08,7.1199994
STONE,19.199999,20.08,7.2
STONE,19.199999,20.16,7.2
STONE,19.199999,20.24,7.2
STONE,19.199999,20.32,7.2
STONE,19.199999,20.4,7.2
GRASS,19.199999,20.0,7.2
GRASS,19.199999,20.4,7.2799997
GRASS,19.199999,20.4,7.3599997
GRASS,19.199999,20.4,7.4399996
GRASS,19.199999,20.4,7.5199995
GRASS,19.199999,20.4,7.5999994
STONE,19.279999,20.08,6.3999996
STONE,19.279999,20.16,6.3999996
STONE,19.279999,20.24,6.3999996
STONE,19.279999,20.32,6.3999996
STONE,19.279999,20.4,6.3999996
GRASS,19.279999,20.0,6.3999996
STONE,19.279999,20.08,6.4799995
STONE,19.279999,20.16,6.4799995
STONE,19.279999,20.24,6.4799995
STONE,19.279999,20.32,6.4799995
STONE,19.279999,20.4,6.4799995
GRASS,19.279999,20.0,6.4799995
STONE,19.279999,20.08,6.5599995
STONE,19.279999,20.16,6.5599995
STONE,19.279999,20.24,6.5599995
STONE,19.279999,20.32,6.5599995
STONE,19.279999,20.4,6.5599995
GRASS,19.279999,20.0,6.5599995
STONE,19.279999,20.08,6.6399994
STONE,19.279999,20.16,6.6399994
STONE,19.279999,20.24,6.6399994
STONE,19.279999,20.32,6.6399994
STONE,19.279999,20.4,6.6399994
GRASS,19.279999,20.0,6.6399994
STONE,19.279999,20.08,6.72
STONE,19.279999,20.16,6.72
STONE,19.279999,20.24,6.72
STONE,19.279999,20.32,6.72
STONE,19.279999,20.4,6.72
GRASS,19.279999,20.0,6.72
STONE,19.279999,20.16,6.7999997
STONE,19.279999,20.24,6.7999997
STONE,19.279999,20.32,6.7999997
STONE,19.279999,20.4,6.7999997
GRASS,19.279999,20.08,6.7999997
STONE,19.279999,20.16,6.8799996
STONE,19.279999,20.24,6.8799996
STONE,19.279999,20.32,6.8799996
STONE,19.279999,20.4,6.8799996
GRASS,19.279999,20.08,6.8799996
STONE,19.279999,20.16,6.9599996
STONE,19.279999,20.24,6.9599996
STONE,19.279999,20.32,6.9599996
STONE,19.279999,20.4,6.9599996
GRASS,19.279999,20.08,6.9599996
STONE,19.279999,20.16,7.0399995
STONE,19.279999,20.24,7.0399995
STONE,19.279999,20.32,7.0399995
STONE,19.279999,20.4,7.0399995
GRASS,19.279999,20.08,7.0399995
STONE,19.279999,20.16,7.1199994
STONE,19.279999,20.24,7.1199994
STONE,19.279999,20.32,7.1199994
STONE,19.279999,20.4,7.1199994
GRASS,19.279999,20.08,7.1199994
STONE,19.279999,20.4,7.2
GRASS,19.279999,20.32,7.2
GRASS,19.279999,20.4,7.2799997
GRASS,19.279999,20.4,7.3599997
STONE,19.279999,20.4,7.4399996
GRASS,19.279999,20.32,7.4399996
GRASS,19.279999,20.4,7.5199995
GRASS,19.279999,20.4,7.5999994
STONE,19.359999,20.08,6.3999996
STONE,19.359999,20.16,6.3999996
STONE,19.359999,20.24,6.3999996
STONE,19.359999,20.32,6.3999996
STONE,19.359999,20.4,6.3999996
GRASS,19.359999,20.0,6.3999996
STONE,19.359999,20.08,6.4799995
STONE,19.359999,20.16,6.4799995
STONE,19.359999,20.24,6.4799995
STONE,19.359999,20.32,6.4799995
STONE,19.359999,20.4,6.4799995
GRASS,19.359999,20.0,6.4799995
STONE,19.359999,20.08,6.5599995
STONE,19.359999,20.16,6.5599995
STONE,19.359999,20.24,6.5599995
STONE,19.359999,20.32,6.5599995
STONE,19.359999,20.4,6.5599995
GRASS,19.359999,20.0,6.5599995
STONE,19.359999,20.08,6.6399994
STONE,19.359999,20.16,6.6399994
STONE,19.359999,20.24,6.6399994
STONE,19.359999,20.32,6.6399994
STONE,19.359999,20.4,6.6399994
GRASS,19.359999,20.0,6.6399994
STONE,19.359999,20.16,6.72
STONE,19.359999,20.24,6.72
STONE,19.359999,20.32,6.72
STONE,19.359999,20.4,6.72
GRASS,19.359999,20.08,6.72
STONE,19.359999,20.16,6.7999997
STONE,19.359999,20.24,6.7999997
STONE,19.359999,20.32,6.7999997
STONE,19.359999,20.4,6.7999997
GRASS,19.359999,20.08,6.7999997
STONE,19.359999,20.16,6.8799996
STONE,19.359999,20.24,6.8799996
STONE,19.359999,20.32,6.8799996
STONE,19.359999,20.4,6.8799996
GRASS,19.359999,20.08,6.8799996
STONE,19.359999,20.16,6.9599996
STONE,19.359999,20.24,6.9599996
STONE,19.359999,20.32,6.9599996
STONE,19.359999,20.4,6.9599996
GRASS,19.359999,20.08,6.9599996
STONE,19.359999,20.16,7.0399995
STONE,19.359999,20.24,7.0399995
STONE,19.359999,20.32,7.0399995
STONE,19.359999,20.4,7.0399995
GRASS,19.359999,20.08,7.0399995
STONE,19.359999,20.16,7.1199994
STONE,19.359999,20.24,7.1199994
STONE,19.359999,20.32,7.1199994
STONE,19.359999,20.4,7.1199994
GRASS,19.359999,20.08,7.1199994
STONE,19.359999,20.16,7.2
STONE,19.359999,20.24,7.2
STONE,19.359999,20.32,7.2
STONE,19.359999,20.4,7.2
GRASS,19.359999,20.08,7.2
GRASS,19.359999,20.4,7.2799997
GRASS,19.359999,20.4,7.3599997
GRASS,19.359999,20.4,7.4399996
GRASS,19.359999,20.4,7.5199995
STONE,19.359999,20.4,7.5999994
GRASS,19.359999,20.32,7.5999994
STONE,19.439999,20.08,6.3999996
STONE,19.439999,20.16,6.3999996
STONE,19.439999,20.24,6.3999996
STONE,19.439999,20.32,6.3999996
STONE,19.439999,20.4,6.3999996
GRASS,19.439999,20.0,6.3999996
STONE,19.439999,20.08,6.4799995
STONE,19.439999,20.16,6.4799995
STONE,19.439999,20.24,6.4799995
STONE,19.439999,20.32,6.4799995
STONE,19.439999,20.4,6.4799995
GRASS,19.439999,20.0,6.4799995
STONE,19.439999,20.08,6.5599995
STONE,19.439999,20.16,6.5599995
STONE,19.439999,20.24,6.5599995
STONE,19.439999,20.32,6.5599995
STONE,19.439999,20.4,6.5599995
GRASS,19.439999,20.0,6.5599995
STONE,19.439999,20.08,6.6399994
STONE,19.439999,20.16,6.6399994
STONE,19.439999,20.24,6.6399994
STONE,19.439999,20.32,6.6399994
STONE,19.439999,20.4,6.6399994
GRASS,19.439999,20.0,6.6399994
STONE,19.439999,20.08,6.72
STONE,19.439999,20.16,6.72
STONE,19.439999,20.24,6.72
STONE,19.439999,20.32,6.72
STONE,19.439999,20.4,6.72
GRASS,19.439999,20.0,6.72
STONE,19.439999,20.16,6.7999997
STONE,19.439999,20.24,6.7999997
STONE,19.439999,20.32,6.7999997
STONE,19.439999,20.4,6.7999997
GRASS,19.439999,20.08,6.7999997
STONE,19.439999,20.16,6.8799996
STONE,19.439999,20.24,6.8799996
STONE,19.439999,20.32,6.8799996
STONE,19.439999,20.4,6.8799996
GRASS,19.439999,20.08,6.8799996
STONE,19.439999,20.16,6.9599996
STONE,19.439999,20.24,6.9599996
STONE,19.439999,20.32,6.9599996
STONE,19.439999,20.4,6.9599996
GRASS,19.439999,20.08,6.9599996
STONE,19.439999,20.16,7.0399995
STONE,19.439999,20.24,7.0399995
STONE,19.439999,20.32,7.0399995
STONE,19.439999,20.4,7.0399995
GRASS,19.439999,20.08,7.0399995
STONE,19.439999,20.16,7.1199994
STONE,19.439999,20.24,7.1199994
STONE,19.439999,20.32,7.1199994
STONE,19.439999,20.4,7.1199994
GRASS,19.439999,20.08,7.1199994
GRASS,19.439999,20.4,7.2
GRASS,19.439999,20.4,7.2799997
GRASS,19.439999,20.4,7.3599997
GRASS,19.439999,20.4,7.4399996
STONE,19.439999,20.4,7.5199995
GRASS,19.439999,20.32,7.5199995
STONE,19.439999,20.4,7.5999994
GRASS,19.439999,20.32,7.5999994
STONE,19.519999,20.08,6.3999996
STONE,19.519999,20.16,6.3999996
STONE,19.519999,20.24,6.3999996
STONE,19.519999,20.32,6.3999996
STONE,19.519999,20.4,6.3999996
LOG,19.519999,19.92,6.3999996
LOG,19.519999,19.84,6.3999996
LOG,19.519999,19.76,6.3999996
LOG,19.519999,19.68,6.3999996
LEAF,19.519999,19.6,6.3999996
LEAF,19.439999,19.68,6.3999996
LEAF,19.599998,19.68,6.3999996
LEAF,19.519999,19.68,6.3199997
LEAF,19.519999,19.68,6.4799995
GRASS,19.519999,20.0,6.3999996
STONE,19.519999,20.08,6.4799995
STONE,19.519999,20.16,6.4799995
STONE,19.519999,20.24,6.4799995
STONE,19.519999,20.32,6.4799995
STONE,19.519999,20.4,6.4799995
GRASS,19.519999,20.0,6.4799995
STONE,19.519999,20.08,6.5599995
STONE,19.519999,20.16,6.5599995
STONE,19.519999,20.24,6.5599995
STONE,19.519999,20.32,6.5599995
STONE,19.519999,20.4,6.5599995
GRASS,19.519999,20.0,6.5599995
STONE,19.519999,20.08,6.6399994
STONE,19.519999,20.16,6.6399994
STONE,19.519999,20.24,6.6399994
STONE,19.519999,20.32,6.6399994
STONE,19.519999,20.4,6.6399994
GRASS,19.519999,20.0,6.6399994
STONE,19.519999,20.08,6.72
STONE,19.519999,20.16,6.72
STONE,19.519999,20.24,6.72
STONE,19.519999,20.32,6.72
STONE,19.519999,20.4,6.72
GRASS,19.519999,20.0,6.72
STONE,19.519999,20.16,6.7999997
STONE,19.519999,20.24,6.7999997
STONE,19.519999,20.32,6.7999997
STONE,19.519999,20.4,6.7999997
GRASS,19.519999,20.08,6.7999997
STONE,19.519999,20.16,6.8799996
STONE,19.519999,20.24,6.8799996
STONE,19.519999,20.32,6.8799996
STONE,19.519999,20.4,6.8799996
GRASS,19.519999,20.08,6.8799996
STONE,19.519999,20.16,6.9599996
STONE,19.519999,20.24,6.9599996
STONE,19.519999,20.32,6.9599996
STONE,19.519999,20.4,6.9599996
GRASS,19.519999,20.08,6.9599996
STONE,19.519999,20.16,7.0399995
STONE,19.519999,20.24,7.0399995
STONE,19.519999,20.32,7.0399995
STONE,19.519999,20.4,7.0399995
GRASS,19.519999,20.08,7.0399995
STONE,19.519999,20.16,7.1199994
STONE,19.519999,20.24,7.1199994
STONE,19.519999,20.32,7.1199994
STONE,19.519999,20.4,7.1199994
GRASS,19.519999,20.08,7.1199994
GRASS,19.519999,20.4,7.2
GRASS,19.519999,20.4,7.2799997
GRASS,19.519999,20.4,7.3599997
GRASS,19.519999,20.4,7.4399996
GRASS,19.519999,20.4,7.5199995
STONE,19.519999,20.4,7.5999994
GRASS,19.519999,20.32,7.5999994
STONE,19.599998,20.08,6.3999996
STONE,19.599998,20.16,6.3999996
STONE,19.599998,20.24,6.3999996
STONE,19.599998,20.32,6.3999996
STONE,19.599998,20.4,6.3999996
GRASS,19.599998,20.0,6.3999996
STONE,19.599998,20.08,6.4799995
STONE,19.599998,20.16,6.4799995
STONE,19.599998,20.24,6.4799995
STONE,19.599998,20.32,6.4799995
STONE,19.599998,20.4,6.4799995
GRASS,19.599998,20.0,6.4799995
STONE,19.599998,20.08,6.5599995
STONE,19.599998,20.16,6.5599995
STONE,19.599998,20.24,6.5599995
STONE,19.599998,20.32,6.5599995
STONE,19.599998,20.4,6.5599995
GRASS,19.599998,20.0,6.5599995
STONE,19.599998,20.08,6.6399994
STONE,19.599998,20.16,6.6399994
STONE,19.599998,20.24,6.6399994
STONE,19.599998,20.32,6.6399994
STONE,19.599998,20.4,6.6399994
GRASS,19.599998,20.0,6.6399994
STONE,19.599998,20.32,6.72
STONE,19.599998,20.4,6.72
GRASS,19.599998,20.24,6.72
GRASS,19.599998,20.4,6.7999997
GRASS,19.599998,20.4,6.8799996
STONE,19.599998,20.16,6.9599996
STONE,19.599998,20.24,6.9599996
STONE,19.599998,20.32,6.9599996
STONE,19.599998,20.4,6.9599996
GRASS,19.599998,20.08,6.9599996
GRASS,19.599998,20.4,7.0399995
GRASS,19.599998,20.4,7.1199994
GRASS,19.599998,20.4,7.2
GRASS,19.599998,20.4,7.2799997
GRASS,19.599998,20.4,7.3599997
GRASS,19.599998,20.4,7.4399996
GRASS,19.599998,20.4,7.5199995
GRASS,19.599998,20.4,7.5999994
GRASS,19.679998,20.4,6.3999996
STONE,19.679998,20.08,6.4799995
STONE,19.679998,20.16,6.4799995
STONE,19.679998,20.24,6.4799995
STONE,19.679998,20.32,6.4799995
STONE,19.679998,20.4,6.4799995
GRASS,19.679998,20.0,6.4799995
GRASS,19.679998,20.4,6.5599995
STONE,19.679998,20.32,6.6399994
STONE,19.679998,20.4,6.6399994
GRASS,19.679998,20.24,6.6399994
STONE,19.679998,20.32,6.72
STONE,19.679998,20.4,6.72
GRASS,19.679998,20.24,6.72
STONE,19.679998,20.32,6.7999997
STONE,19.679998,20.4,6.7999997
GRASS,19.679998,20.24,6.7999997
GRASS,19.679998,20.4,6.8799996
GRASS,19.679998,20.4,6.9599996
GRASS,19.679998,20.4,7.0399995
GRASS,19.679998,20.4,7.1199994
GRASS,19.679998,20.4,7.2
GRASS,19.679998,20.4,7.2799997
GRASS,19.679998,20.4,7.3599997
GRASS,19.679998,20.4,7.4399996
GRASS,19.679998,20.4,7.5199995
LOG,19.679998,20.32,7.5999994
LOG,19.679998,20.24,7.5999994
LOG,19.679998,20.16,7.5999994
LOG,19.679998,20.08,7.5999994
LEAF,19.679998,20.0,7.5999994
LEAF,19.599998,20.08,7.5999994
LEAF,19.759998,20.08,7.5999994
LEAF,19.679998,20.08,7.5199995
LEAF,19.679998,20.08,7.6799994
DIRT,19.679998,20.4,7.5999994
GRASS,19.759998,20.4,6.3999996
GRASS,19.759998,20.4,6.4799995
STONE,19.759998,20.32,6.5599995
STONE,19.759998,20.4,6.5599995
GRASS,19.759998,20.24,6.5599995
STONE,19.759998,20.32,6.6399994
STONE,19.759998,20.4,6.6399994
GRASS,19.759998,20.24,6.6399994
STONE,19.759998,20.32,6.72
STONE,19.759998,20.4,6.72
GRASS,19.759998,20.24,6.72
STONE,19.759998,20.32,6.7999997
STONE,19.759998,20.4,6.7999997
GRASS,19.759998,20.24,6.7999997
STONE,19.759998,20.32,6.8799996
STONE,19.759998,20.4,6.8799996
GRASS,19.759998,20.24,6.8799996
GRASS,19.759998,20.4,6.9599996
GRASS,19.759998,20.4,7.0399995
GRASS,19.759998,20.4,7.1199994
GRASS,19.759998,20.4,7.2
GRASS,19.759998,20.4,7.2799997
GRASS,19.759998,20.4,7.3599997
GRASS,19.759998,20.4,7.4399996
GRASS,19.759998,20.4,7.5199995
GRASS,19.759998,20.4,7.5999994
GRASS,19.839998,20.4,6.3999996
GRASS,19.839998,20.4,6.4799995
GRASS,19.839998,20.4,6.5599995
STONE,19.839998,20.32,6.6399994
STONE,19.839998,20.4,6.6399994
GRASS,19.839998,20.24,6.6399994
STONE,19.839998,20.32,6.72
STONE,19.839998,20.4,6.72
GRASS,19.839998,20.24,6.72
STONE,19.839998,20.32,6.7999997
STONE,19.839998,20.4,6.7999997
GRASS,19.839998,20.24,6.7999997
GRASS,19.839998,20.4,6.8799996
GRASS,19.839998,20.4,6.9599996
GRASS,19.839998,20.4,7.0399995
GRASS,19.839998,20.4,7.1199994
GRASS,19.839998,20.4,7.2
GRASS,19.839998,20.4,7.2799997
GRASS,19.839998,20.4,7.3599997
GRASS,19.839998,20.4,7.4399996
GRASS,19.839998,20.4,7.5199995
GRASS,19.839998,20.4,7.5999994
GRASS,19.919998,20.4,6.3999996
GRASS,19.919998,20.4,6.4799995
GRASS,19.919998,20.4,6.5599995
GRASS,19.919998,20.4,6.6399994
STONE,19.919998,20.32,6.72
STONE,19.919998,20.4,6.72
GRASS,19.919998,20.24,6.72
GRASS,19.919998,20.4,6.7999997
GRASS,19.919998,20.4,6.8799996
GRASS,19.919998,20.4,6.9599996
GRASS,19.919998,20.4,7.0399995
GRASS,19.919998,20.4,7.1199994
GRASS,19.919998,20.4,7.2
GRASS,19.919998,20.4,7.2799997
GRASS,19.919998,20.4,7.3599997
GRASS,19.919998,20.4,7.4399996
LOG,19.919998,20.32,7.5199995
LOG,19.919998,20.24,7.5199995
LOG,19.919998,20.16,7.5199995
LOG,19.919998,20.08,7.5199995
LEAF,19.919998,20.0,7.5199995
LEAF,19.839998,20.08,7.5199995
LEAF,19.999998,20.08,7.5199995
LEAF,19.919998,20.08,7.4399996
LEAF,19.919998,20.08,7.5999994
DIRT,19.919998,20.4,7.5199995
GRASS,19.919998,20.4,7.5999994
GRASS,19.999998,20.4,6.3999996
GRASS,19.999998,20.4,6.4799995
GRASS,19.999998,20.4,6.5599995
GRASS,19.999998,20.4,6.6399994
STONE,19.999998,20.32,6.72
STONE,19.999998,20.4,6.72
GRASS,19.999998,20.24,6.72
GRASS,19.999998,20.4,6.7999997
GRASS,19.999998,20.4,6.8799996
STONE,19.999998,20.4,6.9599996
GRASS,19.999998,20.32,6.9599996
GRASS,19.999998,20.4,7.0399995
GRASS,19.999998,20.4,7.1199994
GRASS,19.999998,20.4,7.2
GRASS,19.999998,20.4,7.2799997
GRASS,19.999998,20.4,7.3599997
GRASS,19.999998,20.4,7.4399996
GRASS,19.999998,20.4,7.5199995
GRASS,19.999998,20.4,7.5999994
GRASS,20.079998,20.4,6.3999996
GRASS,20.079998,20.4,6.4799995
STONE,20.079998,20.32,6.5599995
STONE,20.079998,20.4,6.5599995
GRASS,20.079998,20.24,6.5599995
STONE,20.079998,20.32,6.6399994
STONE,20.079998,20.4,6.6399994
GRASS,20.079998,20.24,6.6399994
STONE,20.079998,20.32,6.72
STONE,20.079998,20.4,6.72
GRASS,20.079998,20.24,6.72
STONE,20.079998,20.32,6.7999997
STONE,20.079998,20.4,6.7999997
GRASS,20.079998,20.24,6.7999997
STONE,20.079998,20.32,6.8799996
STONE,20.079998,20.4,6.8799996
GRASS,20.079998,20.24,6.8799996
GRASS,20.079998,20.4,6.9599996
GRASS,20.079998,20.4,7.0399995
STONE,20.079998,20.16,7.1199994
STONE,20.079998,20.24,7.1199994
STONE,20.079998,20.32,7.1199994
STONE,20.079998,20.4,7.1199994
GRASS,20.079998,20.08,7.1199994
GRASS,20.079998,20.4,7.2
GRASS,20.079998,20.4,7.2799997
GRASS,20.079998,20.4,7.3599997
GRASS,20.079998,20.4,7.4399996
GRASS,20.079998,20.4,7.5199995
GRASS,20.079998,20.4,7.5999994
GRASS,20.159998,20.4,6.3999996
GRASS,20.159998,20.4,6.4799995
STONE,20.159998,20.32,6.5599995
STONE,20.159998,20.4,6.5599995
GRASS,20.159998,20.24,6.5599995
STONE,20.159998,20.32,6.6399994
STONE,20.159998,20.4,6.6399994
GRASS,20.159998,20.24,6.6399994
STONE,20.159998,20.32,6.72
STONE,20.159998,20.4,6.72
GRASS,20.159998,20.24,6.72
STONE,20.159998,20.32,6.7999997
STONE,20.159998,20.4,6.7999997
GRASS,20.159998,20.24,6.7999997
STONE,20.159998,20.32,6.8799996
STONE,20.159998,20.4,6.8799996
GRASS,20.159998,20.24,6.8799996
STONE,20.159998,20.16,6.9599996
STONE,20.159998,20.24,6.9599996
STONE,20.159998,20.32,6.9599996
STONE,20.159998,20.4,6.9599996
GRASS,20.159998,20.08,6.9599996
STONE,20.159998,20.16,7.0399995
STONE,20.159998,20.24,7.0399995
STONE,20.159998,20.32,7.0399995
STONE,20.159998,20.4,7.0399995
GRASS,20.159998,20.08,7.0399995
STONE,20.159998,20.16,7.1199994
STONE,20.159998,20.24,7.1199994
STONE,20.159998,20.32,7.1199994
STONE,20.159998,20.4,7.1199994
GRASS,20.159998,20.08,7.1199994
STONE,20.159998,20.16,7.2
STONE,20.159998,20.24,7.2
STONE,20.159998,20.32,7.2
STONE,20.159998,20.4,7.2
GRASS,20.159998,20.08,7.2
STONE,20.159998,20.16,7.2799997
STONE,20.159998,20.24,7.2799997
STONE,20.159998,20.32,7.2799997
STONE,20.159998,20.4,7.2799997
LOG,20.159998,20.0,7.2799997
LOG,20.159998,19.92,7.2799997
LOG,20.159998,19.84,7.2799997
LOG,20.159998,19.76,7.2799997
LEAF,20.159998,19.68,7.2799997
LEAF,20.079998,19.76,7.2799997
LEAF,20.239998,19.76,7.2799997
LEAF,20.159998,19.76,7.2
LEAF,20.159998,19.76,7.3599997
DIRT,20.159998,20.08,7.2799997
GRASS,20.159998,20.4,7.3599997
GRASS,20.159998,20.4,7.4399996
GRASS,20.159998,20.4,7.5199995
GRASS,20.159998,20.4,7.5999994
STONE,20.239998,20.4,6.3999996
GRASS,20.239998,20.32,6.3999996
STONE,20.239998,20.32,6.4799995
STONE,20.239998,20.4,6.4799995
GRASS,20.239998,20.24,6.4799995
STONE,20.239998,20.32,6.5599995
STONE,20.239998,20.4,6.5599995
GRASS,20.239998,20.24,6.5599995
STONE,20.239998,20.32,6.6399994
STONE,20.239998,20.4,6.6399994
GRASS,20.239998,20.24,6.6399994
STONE,20.239998,20.16,6.72
STONE,20.239998,20.24,6.72
STONE,20.239998,20.32,6.72
STONE,20.239998,20.4,6.72
GRASS,20.239998,20.08,6.72
STONE,20.239998,20.32,6.7999997
STONE,20.239998,20.4,6.7999997
GRASS,20.239998,20.24,6.7999997
STONE,20.239998,20.32,6.8799996
STONE,20.239998,20.4,6.8799996
LOG,20.239998,20.16,6.8799996
LOG,20.239998,20.08,6.8799996
LOG,20.239998,20.0,6.8799996
LOG,20.239998,19.92,6.8799996
LOG,20.239998,19.84,6.8799996
LEAF,20.239998,19.76,6.8799996
LEAF,20.159998,19.84,6.8799996
LEAF,20.319998,19.84,6.8799996
LEAF,20.239998,19.84,6.7999997
LEAF,20.239998,19.84,6.9599996
DIRT,20.239998,20.24,6.8799996
STONE,20.239998,20.16,6.9599996
STONE,20.239998,20.24,6.9599996
STONE,20.239998,20.32,6.9599996
STONE,20.239998,20.4,6.9599996
GRASS,20.239998,20.08,6.9599996
STONE,20.239998,20.24,7.0399995
STONE,20.239998,20.32,7.0399995
STONE,20.239998,20.4,7.0399995
GRASS,20.239998,20.16,7.0399995
STONE,20.239998,20.16,7.1199994
STONE,20.239998,20.24,7.1199994
STONE,20.239998,20.32,7.1199994
STONE,20.239998,20.4,7.1199994
GRASS,20.239998,20.08,7.1199994
STONE,20.239998,20.16,7.2
STONE,20.239998,20.24,7.2
STONE,20.239998,20.32,7.2
STONE,20.239998,20.4,7.2
GRASS,20.239998,20.08,7.2
STONE,20.239998,20.16,7.2799997
STONE,20.239998,20.24,7.2799997
STONE,20.239998,20.32,7.2799997
STONE,20.239998,20.4,7.2799997
GRASS,20.239998,20.08,7.2799997
GRASS,20.239998,20.4,7.3599997
GRASS,20.239998,20.4,7.4399996
GRASS,20.239998,20.4,7.5199995
GRASS,20.239998,20.4,7.5999994
GRASS,20.32,20.4,6.3999996
STONE,20.32,20.4,6.4799995
GRASS,20.32,20.32,6.4799995
STONE,20.32,20.32,6.5599995
STONE,20.32,20.4,6.5599995
LOG,20.32,20.16,6.5599995
LOG,20.32,20.08,6.5599995
LOG,20.32,20.0,6.5599995
LOG,20.32,19.92,6.5599995
LOG,20.32,19.84,6.5599995
LEAF,20.32,19.76,6.5599995
LEAF,20.24,19.84,6.5599995
LEAF,20.4,19.84,6.5599995
LEAF,20.32,19.84,6.4799995
LEAF,20.32,19.84,6.6399994
DIRT,20.32,20.24,6.5599995
STONE,20.32,20.16,6.6399994
STONE,20.32,20.24,6.6399994
STONE,20.32,20.32,6.6399994
STONE,20.32,20.4,6.6399994
GRASS,20.32,20.08,6.6399994
STONE,20.32,20.32,6.72
STONE,20.32,20.4,6.72
GRASS,20.32,20.24,6.72
STONE,20.32,20.32,6.7999997
STONE,20.32,20.4,6.7999997
GRASS,20.32,20.24,6.7999997
STONE,20.32,20.24,6.8799996
STONE,20.32,20.32,6.8799996
STONE,20.32,20.4,6.8799996
GRASS,20.32,20.16,6.8799996
STONE,20.32,20.24,6.9599996
STONE,20.32,20.32,6.9599996
STONE,20.32,20.4,6.9599996
GRASS,20.32,20.16,6.9599996
STONE,20.32,20.24,7.0399995
STONE,20.32,20.32,7.0399995
STONE,20.32,20.4,7.0399995
GRASS,20.32,20.16,7.0399995
STONE,20.32,20.24,7.1199994
STONE,20.32,20.32,7.1199994
STONE,20.32,20.4,7.1199994
GRASS,20.32,20.16,7.1199994
STONE,20.32,20.24,7.2
STONE,20.32,20.32,7.2
STONE,20.32,20.4,7.2
GRASS,20.32,20.16,7.2
STONE,20.32,20.16,7.2799997
STONE,20.32,20.24,7.2799997
STONE,20.32,20.32,7.2799997
STONE,20.32,20.4,7.2799997
GRASS,20.32,20.08,7.2799997
STONE,20.32,20.16,7.3599997
STONE,20.32,20.24,7.3599997
STONE,20.32,20.32,7.3599997
STONE,20.32,20.4,7.3599997
GRASS,20.32,20.08,7.3599997
GRASS,20.32,20.4,7.4399996
GRASS,20.32,20.4,7.5199995
GRASS,20.32,20.4,7.5999994
STONE,20.4,20.4,6.3999996
GRASS,20.4,20.32,6.3999996
STONE,20.4,20.16,6.4799995
STONE,20.4,20.24,6.4799995
STONE,20.4,20.32,6.4799995
STONE,20.4,20.4,6.4799995
GRASS,20.4,20.08,6.4799995
STONE,20.4,20.16,6.5599995
STONE,20.4,20.24,6.5599995
STONE,20.4,20.32,6.5599995
STONE,20.4,20.4,6.5599995
GRASS,20.4,20.08,6.5599995
STONE,20.4,20.16,6.6399994
STONE,20.4,20.24,6.6399994
STONE,20.4,20.32,6.6399994
STONE,20.4,20.4,6.6399994
GRASS,20.4,20.08,6.6399994
STONE,20.4,20.16,6.72
STONE,20.4,20.24,6.72
STONE,20.4,20.32,6.72
STONE,20.4,20.4,6.72
GRASS,20.4,20.08,6.72
STONE,20.4,20.16,6.7999997
STONE,20.4,20.24,6.7999997
STONE,20.4,20.32,6.7999997
STONE,20.4,20.4,6.7999997
LOG,20.4,20.0,6.7999997
LOG,20.4,19.92,6.7999997
LOG,20.4,19.84,6.7999997
LOG,20.4,19.76,6.7999997
LEAF,20.4,19.68,6.7999997
LEAF,20.32,19.76,6.7999997
LEAF,20.48,19.76,6.7999997
LEAF,20.4,19.76,6.72
LEAF,20.4,19.76,6.8799996
DIRT,20.4,20.08,6.7999997
STONE,20.4,20.24,6.8799996
STONE,20.4,20.32,6.8799996
STONE,20.4,20.4,6.8799996
GRASS,20.4,20.16,6.8799996
STONE,20.4,20.24,6.9599996
STONE,20.4,20.32,6.9599996
STONE,20.4,20.4,6.9599996
GRASS,20.4,20.16,6.9599996
STONE,20.4,20.24,7.0399995
STONE,20.4,20.32,7.0399995
STONE,20.4,20.4,7.0399995
GRASS,20.4,20.16,7.0399995
STONE,20.4,20.24,7.1199994
STONE,20.4,20.32,7.1199994
STONE,20.4,20.4,7.1199994
GRASS,20.4,20.16,7.1199994
STONE,20.4,20.24,7.2
STONE,20.4,20.32,7.2
STONE,20.4,20.4,7.2
GRASS,20.4,20.16,7.2
STONE,20.4,20.24,7.2799997
STONE,20.4,20.32,7.2799997
STONE,20.4,20.4,7.2799997
GRASS,20.4,20.16,7.2799997
GRASS,20.4,20.4,7.3599997
GRASS,20.4,20.4,7.4399996
GRASS,20.4,20.4,7.5199995
GRASS,20.4,20.4,7.5999994
