GRASS,19.199999,20.4,14.08
STONE,19.199999,20.4,14.16
GRASS,19.199999,20.32,14.16
STONE,19.199999,20.4,14.24
GRASS,19.199999,20.32,14.24
STONE,19.199999,20.4,14.32
GRASS,19.199999,20.32,14.32
GRASS,19.199999,20.4,14.4
GRASS,19.199999,20.4,14.48
GRASS,19.199999,20.4,14.559999
GRASS,19.199999,20.4,14.64
STONE,19.199999,20.4,14.72
GRASS,19.199999,20.32,14.72
GRASS,19.199999,20.4,14.8
GRASS,19.199999,20.4,14.88
STONE,19.199999,20.4,14.96
GRASS,19.199999,20.32,14.96
GRASS,19.199999,20.4,15.04
GRASS,19.199999,20.4,15.12
GRASS,19.199999,20.4,15.2
GRASS,19.199999,20.4,15.28
STONE,19.279999,20.4,14.08
GRASS,19.279999,20.32,14.08
STONE,19.279999,20.4,14.16
GRASS,19.279999,20.32,14.16
STONE,19.279999,20.32,14.24
STONE,19.279999,20.4,14.24
GRASS,19.279999,20.24,14.24
STONE,19.279999,20.4,14.32
GRASS,19.279999,20.32,14.32
STONE,19.279999,20.4,14.4
GRASS,19.279999,20.32,14.4
STONE,19.279999,20.4,14.48
GRASS,19.279999,20.32,14.48
GRASS,19.279999,20.4,14.559999
STONE,19.279999,20.4,14.64
GRASS,19.279999,20.32,14.64
STONE,19.279999,20.4,14.72
GRASS,19.279999,20.32,14.72
STONE,19.279999,20.4,14.8
GRASS,19.279999,20.32,14.8
GRASS,19.279999,20.4,14.88
GRASS,19.279999,20.4,14.96
GRASS,19.279999,20.4,15.04
GRASS,19.279999,20.4,15.12
GRASS,19.279999,20.4,15.2
GRASS,19.279999,20.4,15.28
GRASS,19.359999,20.4,14.08
STONE,19.359999,20.4,14.16
GRASS,19.359999,20.32,14.16
STONE,19.359999,20.4,14.24
GRASS,19.359999,20.32,14.24
STONE,19.359999,20.4,14.32
GRASS,19.359999,20.32,14.32
GRASS,19.359999,20.4,14.4
GRASS,19.359999,20.4,14.48
STONE,19.359999,20.4,14.559999
GRASS,19.359999,20.32,14.559999
STONE,19.359999,20.4,14.64
GRASS,19.359999,20.32,14.64
STONE,19.359999,20.32,14.72
STONE,19.359999,20.4,14.72
GRASS,19.359999,20.24,14.72
STONE,19.359999,20.4,14.8
GRASS,19.359999,20.32,14.8
STONE,19.359999,20.4,14.88
GRASS,19.359999,20.32,14.88
GRASS,19.359999,20.4,14.96
GRASS,19.359999,20.4,15.04
GRASS,19.359999,20.4,15.12
GRASS,19.359999,20.4,15.2
GRASS,19.359999,20.4,15.28
GRASS,19.439999,20.4,14.08
GRASS,19.439999,20.4,14.16
STONE,19.439999,20.4,14.24
GRASS,19.439999,20.32,14.24
GRASS,19.439999,20.4,14.32
GRASS,19.439999,20.4,14.4
GRASS,19.439999,20.4,14.48
GRASS,19.439999,20.4,14.559999
STONE,19.439999,20.4,14.64
GRASS,19.439999,20.32,14.64
STONE,19.439999,20.4,14.72
GRASS,19.439999,20.32,14.72
STONE,19.439999,20.4,14.8
GRASS,19.439999,20.32,14.8
GRASS,19.439999,20.4,14.88
GRASS,19.439999,20.4,14.96
STONE,19.439999,20.4,15.04
GRASS,19.439999,20.32,15.04
GRASS,19.439999,20.4,15.12
GRASS,19.439999,20.4,15.2
GRASS,19.439999,20.4,15.28
GRASS,19.519999,20.4,14.08
GRASS,19.519999,20.4,14.16
GRASS,19.519999,20.4,14.24
GRASS,19.519999,20.4,14.32
GRASS,19.519999,20.4,14.4
GRASS,19.519999,20.4,14.48
GRASS,19.519999,20.4,14.559999
GRASS,19.519999,20.4,14.64
STONE,19.519999,20.4,14.72
GRASS,19.519999,20.32,14.72
GRASS,19.519999,20.4,14.8
GRASS,19.519999,20.4,14.88
STONE,19.519999,20.4,14.96
GRASS,19.519999,20.32,14.96
STONE,19.519999,20.4,15.04
GRASS,19.519999,20.32,15.04
STONE,19.519999,20.4,15.12
GRASS,19.519999,20.32,15.12
GRASS,19.519999,20.4,15.2
GRASS,19.519999,20.4,15.28
GRASS,19.599998,20.4,14.08
GRASS,19.599998,20.4,14.16
GRASS,19.599998,20.4,14.24
GRASS,19.599998,20.4,14.32
GRASS,19.599998,20.4,14.4
GRASS,19.599998,20.4,14.48
GRASS,19.599998,20.4,14.559999
GRASS,19.599998,20.4,14.64
GRASS,19.599998,20.4,14.72
GRASS,19.599998,20.4,14.8
STONE,19.599998,20.4,14.88
GRASS,19.599998,20.32,14.88
STONE,19.599998,20.4,14.96
GRASS,19.599998,20.32,14.96
STONE,19.599998,20.32,15.04
STONE,19.599998,20.4,15.04
GRASS,19.599998,20.24,15.04
STONE,19.599998,20.4,15.12
GRASS,19.599998,20.32,15.12
STONE,19.599998,20.4,15.2
GRASS,19.599998,20.32,15.2
GRASS,19.599998,20.4,15.28
GRASS,19.679998,20.4,14.08
GRASS,19.679998,20.4,14.16
GRASS,19.679998,20.4,14.24
GRASS,19.679998,20.4,14.32
GRASS,19.679998,20.4,14.4
GRASS,19.679998,20.4,14.48
GRASS,19.679998,20.4,14.559999
GRASS,19.679998,20.4,14.64
GRASS,19.679998,20.4,14.72
GRASS,19.679998,20.4,14.8
GRASS,19.679998,20.4,14.88
STONE,19.679998,20.4,14.96
GRASS,19.679998,20.32,14.96
STONE,19.679998,20.4,15.04
GRASS,19.679998,20.32,15.04
STONE,19.679998,20.4,15.12
GRASS,19.679998,20.32,15.12
GRASS,19.679998,20.4,15.2
GRASS,19.679998,20.4,15.28
GRASS,19.759998,20.4,14.08
GRASS,19.759998,20.4,14.16
GRASS,19.759998,20.4,14.24
GRASS,19.759998,20.4,14.32
GRASS,19.759998,20.4,14.4
GRASS,19.759998,20.4,14.48
GRASS,19.759998,20.4,14.559999
GRASS,19.759998,20.4,14.64
GRASS,19.759998,20.4,14.72
GRASS,19.759998,20.4,14.8
GRASS,19.759998,20.4,14.88
GRASS,19.759998,20.4,14.96
STONE,19.759998,20.4,15.04
GRASS,19.759998,20.32,15.04
GRASS,19.759998,20.4,15.12
GRASS,19.759998,20.4,15.2
GRASS,19.759998,20.4,15.28
GRASS,19.839998,20.4,14.08
GRASS,19.839998,20.4,14.16
GRASS,19.839998,20.4,14.24
GRASS,19.839998,20.4,14.32
GRASS,19.839998,20.4,14.4
STONE,19.839998,20.4,14.48
GRASS,19.839998,20.32,14.48
GRASS,19.839998,20.4,14.559999
GRASS,19.839998,20.4,14.64
GRASS,19.839998,20.4,14.72
GRASS,19.839998,20.4,14.8
GRASS,19.839998,20.4,14.88
GRASS,19.839998,20.4,14.96
GRASS,19.839998,20.4,15.04
GRASS,19.839998,20.4,15.12
GRASS,19.839998,20.4,15.2
GRASS,19.839998,20.4,15.28
GRASS,19.919998,20.4,14.08
GRASS,19.919998,20.4,14.16
GRASS,19.919998,20.4,14.24
GRASS,19.919998,20.4,14.32
STONE,19.919998,20.4,14.4
GRASS,19.919998,20.32,14.4
STONE,19.919998,20.4,14.48
GRASS,19.919998,20.32,14.48
STONE,19.919998,20.4,14.559999
GRASS,19.919998,20.32,14.559999
GRASS,19.919998,20.4,14.64
GRASS,19.919998,20.4,14.72
GRASS,19.919998,20.4,14.8
GRASS,19.919998,20.4,14.88
GRASS,19.919998,20.4,14.96
GRASS,19.919998,20.4,15.04
GRASS,19.919998,20.4,15.12
GRASS,19.919998,20.4,15.2
GRASS,19.919998,20.4,15.28
GRASS,19.999998,20.4,14.08
GRASS,19.999998,20.4,14.16
GRASS,19.999998,20.4,14.24
STONE,19.999998,20.4,14.32
GRASS,19.999998,20.32,14.32
STONE,19.999998,20.4,14.4
GRASS,19.999998,20.32,14.4
STONE,19.999998,20.32,14.48
STONE,19.999998,20.4,14.48
GRASS,19.999998,20.24,14.48
STONE,19.999998,20.4,14.559999
GRASS,19.999998,20.32,14.559999
STONE,19.999998,20.4,14.64
GRASS,19.999998,20.32,14.64
GRASS,19.999998,20.4,14.72
GRASS,19.999998,20.4,14.8
GRASS,19.999998,20.4,14.88
GRASS,19.999998,20.4,14.96
GRASS,19.999998,20.4,15.04
GRASS,19.999998,20.4,15.12
GRASS,19.999998,20.4,15.2
STONE,19.999998,20.4,15.28
GRASS,19.999998,20.32,15.28
GRASS,20.079998,20.4,14.08
GRASS,20.079998,20.4,14.16
GRASS,20.079998,20.4,14.24
GRASS,20.079998,20.4,14.32
STONE,20.079998,20.4,14.4
GRASS,20.079998,20.32,14.4
STONE,20.079998,20.4,14.48
GRASS,20.079998,20.32,14.48
STONE,20.079998,20.4,14.559999
GRASS,20.079998,20.32,14.559999
GRASS,20.079998,20.4,14.64
GRASS,20.079998,20.4,14.72
GRASS,20.079998,20.4,14.8
GRASS,20.079998,20.4,14.88
GRASS,20.079998,20.4,14.96
GRASS,20.079998,20.4,15.04
GRASS,20.079998,20.4,15.12
GRASS,20.079998,20.4,15.2
GRASS,20.079998,20.4,15.28
GRASS,20.159998,20.4,14.08
GRASS,20.159998,20.4,14.16
GRASS,20.159998,20.4,14.24
GRASS,20.159998,20.4,14.32
GRASS,20.159998,20.4,14.4
STONE,20.159998,20.4,14.48
GRASS,20.159998,20.32,14.48
GRASS,20.159998,20.4,14.559999
GRASS,20.159998,20.4,14.64
GRASS,20.159998,20.4,14.72
GRASS,20.159998,20.4,14.8
GRASS,20.159998,20.4,14.88
GRASS,20.159998,20.4,14.96
GRASS,20.159998,20.4,15.04
GRASS,20.159998,20.4,15.12
GRASS,20.159998,20.4,15.2
GRASS,20.159998,20.4,15.28
GRASS,20.239998,20.4,14.08
GRASS,20.239998,20.4,14.16
GRASS,20.239998,20.4,14.24
GRASS,20.239998,20.4,14.32
GRASS,20.239998,20.4,14.4
GRASS,20.239998,20.4,14.48
GRASS,20.239998,20.4,14.559999
GRASS,20.239998,20.4,14.64
GRASS,20.239998,20.4,14.72
GRASS,20.239998,20.4,14.8
GRASS,20.239998,20.4,14.88
GRASS,20.239998,20.4,14.96
GRASS,20.239998,20.4,15.04
GRASS,20.239998,20.4,15.12
BIRCH_LOG,20.239998,20.32,15.2
BIRCH_LOG,20.239998,20.24,15.2
BIRCH_LOG,20.239998,20.16,15.2
BIRCH_LOG,20.239998,20.08,15.2
LEAF,20.239998,20.0,15.2
LEAF,20.159998,20.08,15.2
LEAF,20.319998,20.08,15.2
LEAF,20.239998,20.08,15.12
LEAF,20.239998,20.08,15.28
DIRT,20.239998,20.4,15.2
GRASS,20.239998,20.4,15.28
GRASS,20.32,20.4,14.08
GRASS,20.32,20.4,14.16
GRASS,20.32,20.4,14.24
GRASS,20.32,20.4,14.32
GRASS,20.32,20.4,14.4
GRASS,20.32,20.4,14.48
GRASS,20.32,20.4,14.559999
GRASS,20.32,20.4,14.64
GRASS,20.32,20.4,14.72
GRASS,20.32,20.4,14.8
GRASS,20.32,20.4,14.88
GRASS,20.32,20.4,14.96
GRASS,20.32,20.4,15.04
GRASS,20.32,20.4,15.12
GRASS,20.32,20.4,15.2
GRASS,20.32,20.4,15.28
GRASS,20.4,20.4,14.08
GRASS,20.4,20.4,14.16
GRASS,20.4,20.4,14.24
GRASS,20.4,20.4,14.32
GRASS,20.4,20.4,14.4
GRASS,20.4,20.4,14.48
GRASS,20.4,20.4,14.559999
GRASS,20.4,20.4,14.64
GRASS,20.4,20.4,14.72
GRASS,20.4,20.4,14.8
GRASS,20.4,20.4,14.88
GRASS,20.4,20.4,14.96
GRASS,20.4,20.4,15.04
STONE,20.4,20.32,15.12
STONE,20.4,20.4,15.12
GRASS,20.4,20.24,15.12
GRASS,20.4,20.4,15.2
GRASS,20.4,20.4,15.28
