GRASS,19.199999,20.4,3.84
GRASS,19.199999,20.4,3.9199998
GRASS,19.199999,20.4,4.0
GRASS,19.199999,20.4,4.08
GRASS,19.199999,20.4,4.16
GRASS,19.199999,20.4,4.24
GRASS,19.199999,20.4,4.3199997
GRASS,19.199999,20.4,4.4
GRASS,19.199999,20.4,4.48
GRASS,19.199999,20.4,4.56
GRASS,19.199999,20.4,4.64
GRASS,19.199999,20.4,4.72
GRASS,19.199999,20.4,4.7999997
GRASS,19.199999,20.4,4.88
GRASS,19.199999,20.4,4.96
GRASS,19.199999,20.4,5.04
GRASS,19.279999,20.4,3.84
GRASS,19.279999,20.4,3.9199998
GRASS,19.279999,20.4,4.0
GRASS,19.279999,20.4,4.08
GRASS,19.279999,20.4,4.16
GRASS,19.279999,20.4,4.24
GRASS,19.279999,20.4,4.3199997
GRASS,19.279999,20.4,4.4
GRASS,19.279999,20.4,4.48
GRASS,19.279999,20.4,4.56
GRASS,19.279999,20.4,4.64
GRASS,19.279999,20.4,4.72
GRASS,19.279999,20.4,4.7999997
GRASS,19.279999,20.4,4.88
GRASS,19.279999,20.4,4.96
GRASS,19.279999,20.4,5.04
GRASS,19.359999,20.4,3.84
GRASS,19.359999,20.4,3.9199998
GRASS,19.359999,20.4,4.0
GRASS,19.359999,20.4,4.08
GRASS,19.359999,20.4,4.16
GRASS,19.359999,20.4,4.24
STONE,19.359999,20.24,4.3199997
STONE,19.359999,20.32,4.3199997
STONE,19.359999,20.4,4.3199997
GRASS,19.359999,20.16,4.3199997
GRASS,19.359999,20.4,4.4
GRASS,19.359999,20.4,4.48
GRASS,19.359999,20.4,4.56
GRASS,19.359999,20.4,4.64
STONE,19.359999,20.4,4.72
GRASS,19.359999,20.32,4.72
GRASS,19.359999,20.4,4.7999997
GRASS,19.359999,20.4,4.88
GRASS,19.359999,20.4,4.96
GRASS,19.359999,20.4,5.04
GRASS,19.439999,20.4,3.84
GRASS,19.439999,20.4,3.9199998
GRASS,19.439999,20.4,4.0
LOG,19.439999,20.32,4.08
LOG,19.439999,20.24,4.08
LOG,19.439999,20.16,4.08
LOG,19.439999,20.08,4.08
LOG,19.439999,20.0,4.08
LEAF,19.439999,19.92,4.08
LEAF,19.359999,20.0,4.08
LEAF,19.519999,20.0,4.08
LEAF,19.439999,20.0,4.0
LEAF,19.439999,20.0,4.16
DIRT,19.439999,20.4,4.08
GRASS,19.439999,20.4,4.16
STONE,19.439999,20.24,4.24
STONE,19.439999,20.32,4.24
STONE,19.439999,20.4,4.24
GRASS,19.439999,20.16,4.24
STONE,19.439999,20.24,4.3199997
STONE,19.439999,20.32,4.3199997
STONE,19.439999,20.4,4.3199997
GRASS,19.439999,20.16,4.3199997
STONE,19.439999,20.24,4.4
STONE,19.439999,20.32,4.4
STONE,19.439999,20.4,4.4
GRASS,19.439999,20.16,4.4
GRASS,19.439999,20.4,4.48
GRASS,19.439999,20.4,4.56
GRASS,19.439999,20.4,4.64
GRASS,19.439999,20.4,4.72
GRASS,19.439999,20.4,4.7999997
GRASS,19.439999,20.4,4.88
GRASS,19.439999,20.4,4.96
GRASS,19.439999,20.4,5.04
GRASS,19.519999,20.4,3.84
GRASS,19.519999,20.4,3.9199998
GRASS,19.519999,20.4,4.0
GRASS,19.519999,20.4,4.08
STONE,19.519999,20.24,4.16
STONE,19.519999,20.32,4.16
STONE,19.519999,20.4,4.16
GRASS,19.519999,20.16,4.16
STONE,19.519999,20.24,4.24
STONE,19.519999,20.32,4.24
STONE,19.519999,20.4,4.24
GRASS,19.519999,20.16,4.24
STONE,19.519999,20.24,4.3199997
STONE,19.519999,20.32,4.3199997
STONE,19.519999,20.4,4.3199997
GRASS,19.519999,20.16,4.3199997
STONE,19.519999,20.24,4.4
STONE,19.519999,20.32,4.4
STONE,19.519999,20.4,4.4
GRASS,19.519999,20.16,4.4
STONE,19.519999,20.24,4.48
STONE,19.519999,20.32,4.48
STONE,19.519999,20.4,4.48
GRASS,19.519999,20.16,4.48
GRASS,19.519999,20.4,4.56
GRASS,19.519999,20.4,4.64
GRASS,19.519999,20.4,4.72
STONE,19.519999,20.4,4.7999997
GRASS,19.519999,20.32,4.7999997
GRASS,19.519999,20.4,4.88
GRASS,19.519999,20.4,4.96
GRASS,19.519999,20.4,5.04
GRASS,19.599998,20.4,3.84
GRASS,19.599998,20.4,3.9199998
GRASS,19.599998,20.4,4.0
GRASS,19.599998,20.4,4.08
GRASS,19.599998,20.4,4.16
STONE,19.599998,20.24,4.24
STONE,19.599998,20.32,4.24
STONE,19.599998,20.4,4.24
GRASS,19.599998,20.16,4.24
STONE,19.599998,20.24,4.3199997
STONE,19.599998,20.32,4.3199997
STONE,19.599998,20.4,4.3199997
GRASS,19.599998,20.16,4.3199997
STONE,19.599998,20.24,4.4
STONE,19.599998,20.32,4.4
STONE,19.599998,20.4,4.4
GRASS,19.599998,20.16,4.4
GRASS,19.599998,20.4,4.48
GRASS,19.599998,20.4,4.56
GRASS,19.599998,20.4,4.64
GRASS,19.599998,20.4,4.72
GRASS,19.599998,20.4,4.7999997
GRASS,19.599998,20.4,4.88
GRASS,19.599998,20.4,4.96
GRASS,19.599998,20.4,5.04
GRASS,19.679998,20.4,3.84
GRASS,19.679998,20.4,3.9199998
STONE,19.679998,20.4,4.0
GRASS,19.679998,20.32,4.0
GRASS,19.679998,20.4,4.08
GRASS,19.679998,20.4,4.16
GRASS,19.679998,20.4,4.24
STONE,19.679998,20.24,4.3199997
STONE,19.679998,20.32,4.3199997
STONE,19.679998,20.4,4.3199997
GRASS,19.679998,20.16,4.3199997
GRASS,19.679998,20.4,4.4
GRASS,19.679998,20.4,4.48
GRASS,19.679998,20.4,4.56
GRASS,19.679998,20.4,4.64
GRASS,19.679998,20.4,4.72
GRASS,19.679998,20.4,4.7999997
GRASS,19.679998,20.4,4.88
GRASS,19.679998,20.4,4.96
GRASS,19.679998,20.4,5.04
GRASS,19.759998,20.4,3.84
GRASS,19.759998,20.4,3.9199998
GRASS,19.759998,20.4,4.0
GRASS,19.759998,20.4,4.08
GRASS,19.759998,20.4,4.16
GRASS,19.759998,20.4,4.24
GRASS,19.759998,20.4,4.3199997
GRASS,19.759998,20.4,4.4
GRASS,19.759998,20.4,4.48
GRASS,19.759998,20.4,4.56
GRASS,19.759998,20.4,4.64
GRASS,19.759998,20.4,4.72
GRASS,19.759998,20.4,4.7999997
GRASS,19.759998,20.4,4.88
GRASS,19.759998,20.4,4.96
GRASS,19.759998,20.4,5.04
GRASS,19.839998,20.4,3.84
GRASS,19.839998,20.4,3.9199998
GRASS,19.839998,20.4,4.0
GRASS,19.839998,20.4,4.08
GRASS,19.839998,20.4,4.16
GRASS,19.839998,20.4,4.24
GRASS,19.839998,20.4,4.3199997
GRASS,19.839998,20.4,4.4
GRASS,19.839998,20.4,4.48
GRASS,19.839998,20.4,4.56
GRASS,19.839998,20.4,4.64
GRASS,19.839998,20.4,4.72
GRASS,19.839998,20.4,4.7999997
GRASS,19.839998,20.4,4.88
GRASS,19.839998,20.4,4.96
GRASS,19.839998,20.4,5.04
GRASS,19.919998,20.4,3.84
GRASS,19.919998,20.4,3.9199998
GRASS,19.919998,20.4,4.0
GRASS,19.919998,20.4,4.08
GRASS,19.919998,20.4,4.16
GRASS,19.919998,20.4,4.24
GRASS,19.919998,20.4,4.3199997
GRASS,19.919998,20.4,4.4
GRASS,19.919998,20.4,4.48
GRASS,19.919998,20.4,4.56
GRASS,19.919998,20.4,4.64
GRASS,19.919998,20.4,4.72
GRASS,19.919998,20.4,4.7999997
STONE,19.919998,20.32,4.88
STONE,19.919998,20.4,4.88
GRASS,19.919998,20.24,4.88
GRASS,19.919998,20.4,4.96
GRASS,19.919998,20.4,5.04
GRASS,19.999998,20.4,3.84
GRASS,19.999998,20.4,3.9199998
GRASS,19.999998,20.4,4.0
GRASS,19.999998,20.4,4.08
GRASS,19.999998,20.4,4.16
GRASS,19.999998,20.4,4.24
GRASS,19.999998,20.4,4.3199997
GRASS,19.999998,20.4,4.4
GRASS,19.999998,20.4,4.48
GRASS,19.999998,20.4,4.56
GRASS,19.999998,20.4,4.64
GRASS,19.999998,20.4,4.72
STONE,19.999998,20.32,4.7999997
STONE,19.999998,20.4,4.7999997
GRASS,19.999998,20.24,4.7999997
STONE,19.999998,20.32,4.88
STONE,19.999998,20.4,4.88
GRASS,19.999998,20.24,4.88
STONE,19.999998,20.32,4.96
STONE,19.999998,20.4,4.96
GRASS,19.999998,20.24,4.96
GRASS,19.999998,20.4,5.04
GRASS,20.079998,20.4,3.84
GRASS,20.079998,20.4,3.9199998
GRASS,20.079998,20.4,4.0
GRASS,20.079998,20.4,4.08
GRASS,20.079998,20.4,4.16
GRASS,20.079998,20.4,4.24
GRASS,20.079998,20.4,4.3199997
GRASS,20.079998,20.4,4.4
GRASS,20.079998,20.4,4.48
GRASS,20.079998,20.4,4.56
GRASS,20.079998,20.4,4.64
GRASS,20.079998,20.4,4.72
GRASS,20.079998,20.4,4.7999997
STONE,20.079998,20.32,4.88
STONE,20.079998,20.4,4.88
GRASS,20.079998,20.24,4.88
GRASS,20.079998,20.4,4.96
GRASS,20.079998,20.4,5.04
GRASS,20.159998,20.4,3.84
GRASS,20.159998,20.4,3.9199998
GRASS,20.159998,20.4,4.0
GRASS,20.159998,20.4,4.08
GRASS,20.159998,20.4,4.16
GRASS,20.159998,20.4,4.24
GRASS,20.159998,20.4,4.3199997
GRASS,20.159998,20.4,4.4
GRASS,20.159998,20.4,4.48
GRASS,20.159998,20.4,4.56
GRASS,20.159998,20.4,4.64
GRASS,20.159998,20.4,4.72
GRASS,20.159998,20.4,4.7999997
GRASS,20.159998,20.4,4.88
GRASS,20.159998,20.4,4.96
GRASS,20.159998,20.4,5.04
GRASS,20.239998,20.4,3.84
GRASS,20.239998,20.4,3.9199998
GRASS,20.239998,20.4,4.0
GRASS,20.239998,20.4,4.08
GRASS,20.239998,20.4,4.16
GRASS,20.239998,20.4,4.24
GRASS,20.239998,20.4,4.3199997
GRASS,20.239998,20.4,4.4
GRASS,20.239998,20.4,4.48
GRASS,20.239998,20.4,4.56
GRASS,20.239998,20.4,4.64
GRASS,20.239998,20.4,4.72
GRASS,20.239998,20.4,4.7999997
STONE,20.239998,20.32,4.88
STONE,20.239998,20.4,4.88
GRASS,20.239998,20.24,4.88
GRASS,20.239998,20.4,4.96
GRASS,20.239998,20.4,5.04
GRASS,20.32,20.4,3.84
GRASS,20.32,20.4,3.9199998
GRASS,20.32,20.4,4.0
GRASS,20.32,20.4,4.08
GRASS,20.32,20.4,4.16
GRASS,20.32,20.4,4.24
GRASS,20.32,20.4,4.3199997
GRASS,20.32,20.4,4.4
GRASS,20.32,20.4,4.48
GRASS,20.32,20.4,4.56
GRASS,20.32,20.4,4.64
GRASS,20.32,20.4,4.72
STONE,20.32,20.32,4.7999997
STONE,20.32,20.4,4.7999997
GRASS,20.32,20.24,4.7999997
STONE,20.32,20.32,4.88
STONE,20.32,20.4,4.88
GRASS,20.32,20.24,4.88
STONE,20.32,20.32,4.96
STONE,20.32,20.4,4.96
GRASS,20.32,20.24,4.96
GRASS,20.32,20.4,5.04
GRASS,20.4,20.4,3.84
GRASS,20.4,20.4,3.9199998
GRASS,20.4,20.4,4.0
STONE,20.4,20.4,4.08
GRASS,20.4,20.32,4.08
GRASS,20.4,20.4,4.16
GRASS,20.4,20.4,4.24
LOG,20.4,20.32,4.3199997
LOG,20.4,20.24,4.3199997
LOG,20.4,20.16,4.3199997
LOG,20.4,20.08,4.3199997
LOG,20.4,20.0,4.3199997
LEAF,20.4,19.92,4.3199997
LEAF,20.32,20.0,4.3199997
LEAF,20.48,20.0,4.3199997
LEAF,20.4,20.0,4.24
LEAF,20.4,20.0,4.3999996
DIRT,20.4,20.4,4.3199997
GRASS,20.4,20.4,4.4
GRASS,20.4,20.4,4.48
GRASS,20.4,20.4,4.56
GRASS,20.4,20.4,4.64
GRASS,20.4,20.4,4.72
GRASS,20.4,20.4,4.7999997
STONE,20.4,20.32,4.88
STONE,20.4,20.4,4.88
GRASS,20.4,20.24,4.88
GRASS,20.4,20.4,4.96
GRASS,20.4,20.4,5.04
