STONE,2.56,20.4,1.28
GRASS,2.56,20.32,1.28
STONE,2.56,20.4,1.36
GRASS,2.56,20.32,1.36
STONE,2.56,20.4,1.4399999
GRASS,2.56,20.32,1.4399999
GRASS,2.56,20.4,1.52
GRASS,2.56,20.4,1.5999999
STONE,2.56,20.4,1.68
GRASS,2.56,20.32,1.68
STONE,2.56,20.4,1.76
GRASS,2.56,20.32,1.76
STONE,2.56,20.4,1.8399999
GRASS,2.56,20.32,1.8399999
GRASS,2.56,20.4,1.92
GRASS,2.56,20.4,2.0
GRASS,2.56,20.4,2.08
STONE,2.56,20.4,2.1599998
GRASS,2.56,20.32,2.1599998
STONE,2.56,20.4,2.24
GRASS,2.56,20.32,2.24
STONE,2.56,20.4,2.32
GRASS,2.56,20.32,2.32
GRASS,2.56,20.4,2.4
GRASS,2.56,20.4,2.48
STONE,2.6399999,20.4,1.28
GRASS,2.6399999,20.32,1.28
STONE,2.6399999,20.32,1.36
STONE,2.6399999,20.4,1.36
GRASS,2.6399999,20.24,1.36
STONE,2.6399999,20.4,1.4399999
GRASS,2.6399999,20.32,1.4399999
STONE,2.6399999,20.4,1.52
GRASS,2.6399999,20.32,1.52
GRASS,2.6399999,20.4,1.5999999
GRASS,2.6399999,20.4,1.68
STONE,2.6399999,20.4,1.76
GRASS,2.6399999,20.32,1.76
GRASS,2.6399999,20.4,1.8399999
GRASS,2.6399999,20.4,1.92
GRASS,2.6399999,20.4,2.0
GRASS,2.6399999,20.4,2.08
GRASS,2.6399999,20.4,2.1599998
STONE,2.6399999,20.4,2.24
GRASS,2.6399999,20.32,2.24
GRASS,2.6399999,20.4,2.32
GRASS,2.6399999,20.4,2.4
GRASS,2.6399999,20.4,2.48
STONE,2.72,20.4,1.28
GRASS,2.72,20.32,1.28
STONE,2.72,20.4,1.36
GRASS,2.72,20.32,1.36
STONE,2.72,20.4,1.4399999
GRASS,2.72,20.32,1.4399999
GRASS,2.72,20.4,1.52
GRASS,2.72,20.4,1.5999999
GRASS,2.72,20.4,1.68
GRASS,2.72,20.4,1.76
GRASS,2.72,20.4,1.8399999
GRASS,2.72,20.4,1.92
GRASS,2.72,20.4,2.0
GRASS,2.72,20.4,2.08
GRASS,2.72,20.4,2.1599998
GRASS,2.72,20.4,2.24
GRASS,2.72,20.4,2.32
GRASS,2.72,20.4,2.4
GRASS,2.72,20.4,2.48
GRASS,2.8,20.4,1.28
STONE,2.8,20.4,1.36
GRASS,2.8,20.32,1.36
GRASS,2.8,20.4,1.4399999
GRASS,2.8,20.4,1.52
GRASS,2.8,20.4,1.5999999
GRASS,2.8,20.4,1.68
GRASS,2.8,20.4,1.76
GRASS,2.8,20.4,1.8399999
GRASS,2.8,20.4,1.92
GRASS,2.8,20.4,2.0
GRASS,2.8,20.4,2.08
GRASS,2.8,20.4,2.1599998
GRASS,2.8,20.4,2.24
GRASS,2.8,20.4,2.32
GRASS,2.8,20.4,2.4
GRASS,2.8,20.4,2.48
GRASS,2.8799999,20.4,1.28
GRASS,2.8799999,20.4,1.36
GRASS,2.8799999,20.4,1.4399999
GRASS,2.8799999,20.4,1.52
GRASS,2.8799999,20.4,1.5999999
GRASS,2.8799999,20.4,1.68
GRASS,2.8799999,20.4,1.76
GRASS,2.8799999,20.4,1.8399999
GRASS,2.8799999,20.4,1.92
GRASS,2.8799999,20.4,2.0
GRASS,2.8799999,20.4,2.08
GRASS,2.8799999,20.4,2.1599998
GRASS,2.8799999,20.4,2.24
GRASS,2.8799999,20.4,2.32
GRASS,2.8799999,20.4,2.4
GRASS,2.8799999,20.4,2.48
GRASS,2.96,20.4,1.28
GRASS,2.96,20.4,1.36
GRASS,2.96,20.4,1.4399999
GRASS,2.96,20.4,1.52
GRASS,2.96,20.4,1.5999999
GRASS,2.96,20.4,1.68
GRASS,2.96,20.4,1.76
GRASS,2.96,20.4,1.8399999
GRASS,2.96,20.4,1.92
GRASS,2.96,20.4,2.0
GRASS,2.96,20.4,2.08
GRASS,2.96,20.4,2.1599998
GRASS,2.96,20.4,2.24
GRASS,2.96,20.4,2.32
LOG,2.96,20.32,2.4
LOG,2.96,20.24,2.4
LOG,2.96,20.16,2.4
LOG,2.96,20.08,2.4
LEAF,2.96,20.0,2.4
LEAF,2.88,20.08,2.4
LEAF,3.04,20.08,2.4
LEAF,2.96,20.08,2.3200002
LEAF,2.96,20.08,2.48
DIRT,2.96,20.4,2.4
GRASS,2.96,20.4,2.48
GRASS,3.04,20.4,1.28
GRASS,3.04,20.4,1.36
GRASS,3.04,20.4,1.4399999
GRASS,3.04,20.4,1.52
GRASS,3.04,20.4,1.5999999
GRASS,3.04,20.4,1.68
GRASS,3.04,20.4,1.76
GRASS,3.04,20.4,1.8399999
GRASS,3.04,20.4,1.92
GRASS,3.04,20.4,2.0
GRASS,3.04,20.4,2.08
GRASS,3.04,20.4,2.1599998
GRASS,3.04,20.4,2.24
GRASS,3.04,20.4,2.32
GRASS,3.04,20.4,2.4
GRASS,3.04,20.4,2.48
GRASS,3.12,20.4,1.28
GRASS,3.12,20.4,1.36
GRASS,3.12,20.4,1.4399999
GRASS,3.12,20.4,1.52
GRASS,3.12,20.4,1.5999999
LOG,3.12,20.32,1.68
LOG,3.12,20.24,1.68
LOG,3.12,20.16,1.68
LOG,3.12,20.08,1.68
LOG,3.12,20.0,1.68
LEAF,3.12,19.92,1.68
LEAF,3.04,20.0,1.68
LEAF,3.1999998,20.0,1.68
LEAF,3.12,20.0,1.5999999
LEAF,3.12,20.0,1.76
DIRT,3.12,20.4,1.68
GRASS,3.12,20.4,1.76
GRASS,3.12,20.4,1.8399999
STONE,3.12,20.4,1.92
GRASS,3.12,20.32,1.92
GRASS,3.12,20.4,2.0
GRASS,3.12,20.4,2.08
GRASS,3.12,20.4,2.1599998
GRASS,3.12,20.4,2.24
GRASS,3.12,20.4,2.32
GRASS,3.12,20.4,2.4
GRASS,3.12,20.4,2.48
GRASS,3.1999998,20.4,1.28
GRASS,3.1999998,20.4,1.36
GRASS,3.1999998,20.4,1.4399999
GRASS,3.1999998,20.4,1.52
GRASS,3.1999998,20.4,1.5999999
GRASS,3.1999998,20.4,1.68
GRASS,3.1999998,20.4,1.76
STONE,3.1999998,20.4,1.8399999
BIRCH_LOG,3.1999998,20.24,1.8399999
BIRCH_LOG,3.1999998,20.16,1.8399999
BIRCH_LOG,3.1999998,20.08,1.8399999
BIRCH_LOG,3.1999998,20.0,1.8399999
BIRCH_LOG,3.1999998,19.92,1.8399999
LEAF,3.1999998,19.84,1.8399999
LEAF,3.12,19.92,1.8399999
LEAF,3.2799997,19.92,1.8399999
LEAF,3.1999998,19.92,1.7599999
LEAF,3.1999998,19.92,1.92
DIRT,3.1999998,20.32,1.8399999
STONE,3.1999998,20.4,1.92
GRASS,3.1999998,20.32,1.92
STONE,3.1999998,20.4,2.0
GRASS,3.1999998,20.32,2.0
GRASS,3.1999998,20.4,2.08
GRASS,3.1999998,20.4,2.1599998
GRASS,3.1999998,20.4,2.24
GRASS,3.1999998,20.4,2.32
GRASS,3.1999998,20.4,2.4
GRASS,3.1999998,20.4,2.48
GRASS,3.28,20.4,1.28
STONE,3.28,19.84,1.36
STONE,3.28,19.92,1.36
STONE,3.28,20.0,1.36
STONE,3.28,20.08,1.36
STONE,3.28,20.16,1.36
STONE,3.28,20.24,1.36
STONE,3.28,20.32,1.36
STONE,3.28,20.4,1.36
GRASS,3.28,19.76,1.36
GRASS,3.28,20.4,1.4399999
GRASS,3.28,20.4,1.52
GRASS,3.28,20.4,1.5999999
GRASS,3.28,20.4,1.68
STONE,3.28,20.4,1.76
GRASS,3.28,20.32,1.76
STONE,3.28,20.4,1.8399999
GRASS,3.28,20.32,1.8399999
STONE,3.28,20.32,1.92
STONE,3.28,20.4,1.92
GRASS,3.28,20.24,1.92
STONE,3.28,20.4,2.0
GRASS,3.28,20.32,2.0
STONE,3.28,20.4,2.08
GRASS,3.28,20.32,2.08
GRASS,3.28,20.4,2.1599998
GRASS,3.28,20.4,2.24
GRASS,3.28,20.4,2.32
GRASS,3.28,20.4,2.4
GRASS,3.28,20.4,2.48
STONE,3.36,19.84,1.28
STONE,3.36,19.92,1.28
STONE,3.36,20.0,1.28
STONE,3.36,20.08,1.28
STONE,3.36,20.16,1.28
STONE,3.36,20.24,1.28
STONE,3.36,20.32,1.28
STONE,3.36,20.4,1.28
GRASS,3.36,19.76,1.28
STONE,3.36,19.84,1.36
STONE,3.36,19.92,1.36
STONE,3.36,20.0,1.36
STONE,3.36,20.08,1.36
STONE,3.36,20.16,1.36
STONE,3.36,20.24,1.36
STONE,3.36,20.32,1.36
STONE,3.36,20.4,1.36
GRASS,3.36,19.76,1.36
STONE,3.36,19.84,1.4399999
STONE,3.36,19.92,1.4399999
STONE,3.36,20.0,1.4399999
STONE,3.36,20.08,1.4399999
STONE,3.36,20.16,1.4399999
STONE,3.36,20.24,1.4399999
STONE,3.36,20.32,1.4399999
STONE,3.36,20.4,1.4399999
GRASS,3.36,19.76,1.4399999
STONE,3.36,19.84,1.52
STONE,3.36,19.92,1.52
STONE,3.36,20.0,1.52
STONE,3.36,20.08,1.52
STONE,3.36,20.16,1.52
STONE,3.36,20.24,1.52
STONE,3.36,20.32,1.52
STONE,3.36,20.4,1.52
GRASS,3.36,19.76,1.52
STONE,3.36,19.84,1.5999999
STONE,3.36,19.92,1.5999999
STONE,3.36,20.0,1.5999999
STONE,3.36,20.08,1.5999999
STONE,3.36,20.16,1.5999999
STONE,3.36,20.24,1.5999999
STONE,3.36,20.32,1.5999999
STONE,3.36,20.4,1.5999999
GRASS,3.36,19.76,1.5999999
GRASS,3.36,20.4,1.68
GRASS,3.36,20.4,1.76
STONE,3.36,20.4,1.8399999
GRASS,3.36,20.32,1.8399999
STONE,3.36,20.4,1.92
GRASS,3.36,20.32,1.92
STONE,3.36,20.4,2.0
GRASS,3.36,20.32,2.0
GRASS,3.36,20.4,2.08
GRASS,3.36,20.4,2.1599998
STONE,3.36,20.4,2.24
GRASS,3.36,20.32,2.24
GRASS,3.36,20.4,2.32
GRASS,3.36,20.4,2.4
GRASS,3.36,20.4,2.48
STONE,3.44,19.84,1.28
STONE,3.44,19.92,1.28
STONE,3.44,20.0,1.28
STONE,3.44,20.08,1.28
STONE,3.44,20.16,1.28
STONE,3.44,20.24,1.28
STONE,3.44,20.32,1.28
STONE,3.44,20.4,1.28
GRASS,3.44,19.76,1.28
STONE,3.44,19.84,1.36
STONE,3.44,19.92,1.36
STONE,3.44,20.0,1.36
STONE,3.44,20.08,1.36
STONE,3.44,20.16,1.36
STONE,3.44,20.24,1.36
STONE,3.44,20.32,1.36
STONE,3.44,20.4,1.36
GRASS,3.44,19.76,1.36
STONE,3.44,19.84,1.4399999
STONE,3.44,19.92,1.4399999
STONE,3.44,20.0,1.4399999
STONE,3.44,20.08,1.4399999
STONE,3.44,20.16,1.4399999
STONE,3.44,20.24,1.4399999
STONE,3.44,20.32,1.4399999
STONE,3.44,20.4,1.4399999
GRASS,3.44,19.76,1.4399999
STONE,3.44,19.84,1.52
STONE,3.44,19.92,1.52
STONE,3.44,20.0,1.52
STONE,3.44,20.08,1.52
STONE,3.44,20.16,1.52
STONE,3.44,20.24,1.52
STONE,3.44,20.32,1.52
STONE,3.44,20.4,1.52
GRASS,3.44,19.76,1.52
STONE,3.44,19.84,1.5999999
STONE,3.44,19.92,1.5999999
STONE,3.44,20.0,1.5999999
STONE,3.44,20.08,1.5999999
STONE,3.44,20.16,1.5999999
STONE,3.44,20.24,1.5999999
STONE,3.44,20.32,1.5999999
STONE,3.44,20.4,1.5999999
GRASS,3.44,19.76,1.5999999
STONE,3.44,19.84,1.68
STONE,3.44,19.92,1.68
STONE,3.44,20.0,1.68
STONE,3.44,20.08,1.68
STONE,3.44,20.16,1.68
STONE,3.44,20.24,1.68
STONE,3.44,20.32,1.68
STONE,3.44,20.4,1.68
GRASS,3.44,19.76,1.68
GRASS,3.44,20.4,1.76
GRASS,3.44,20.4,1.8399999
STONE,3.44,20.4,1.92
GRASS,3.44,20.32,1.92
GRASS,3.44,20.4,2.0
GRASS,3.44,20.4,2.08
STONE,3.44,20.4,2.1599998
GRASS,3.44,20.32,2.1599998
STONE,3.44,20.4,2.24
GRASS,3.44,20.32,2.24
STONE,3.44,20.4,2.32
GRASS,3.44,20.32,2.32
GRASS,3.44,20.4,2.4
GRASS,3.44,20.4,2.48
STONE,3.52,19.84,1.28
STONE,3.52,19.92,1.28
STONE,3.52,20.0,1.28
STONE,3.52,20.08,1.28
STONE,3.52,20.16,1.28
STONE,3.52,20.24,1.28
STONE,3.52,20.32,1.28
STONE,3.52,20.4,1.28
GRASS,3.52,19.76,1.28
STONE,3.52,19.84,1.36
STONE,3.52,19.92,1.36
STONE,3.52,20.0,1.36
STONE,3.52,20.08,1.36
STONE,3.52,20.16,1.36
STONE,3.52,20.24,1.36
STONE,3.52,20.32,1.36
STONE,3.52,20.4,1.36
GRASS,3.52,19.76,1.36
STONE,3.52,19.84,1.4399999
STONE,3.52,19.92,1.4399999
STONE,3.52,20.0,1.4399999
STONE,3.52,20.08,1.4399999
STONE,3.52,20.16,1.4399999
STONE,3.52,20.24,1.4399999
STONE,3.52,20.32,1.4399999
STONE,3.52,20.4,1.4399999
GRASS,3.52,19.76,1.4399999
STONE,3.52,19.84,1.52
STONE,3.52,19.92,1.52
STONE,3.52,20.0,1.52
STONE,3.52,20.08,1.52
STONE,3.52,20.16,1.52
STONE,3.52,20.24,1.52
STONE,3.52,20.32,1.52
STONE,3.52,20.4,1.52
GRASS,3.52,19.76,1.52
STONE,3.52,19.84,1.5999999
STONE,3.52,19.92,1.5999999
STONE,3.52,20.0,1.5999999
STONE,3.52,20.08,1.5999999
STONE,3.52,20.16,1.5999999
STONE,3.52,20.24,1.5999999
STONE,3.52,20.32,1.5999999
STONE,3.52,20.4,1.5999999
GRASS,3.52,19.76,1.5999999
STONE,3.52,19.84,1.68
STONE,3.52,19.92,1.68
STONE,3.52,20.0,1.68
STONE,3.52,20.08,1.68
STONE,3.52,20.16,1.68
STONE,3.52,20.24,1.68
STONE,3.52,20.32,1.68
STONE,3.52,20.4,1.68
GRASS,3.52,19.76,1.68
STONE,3.52,19.84,1.76
STONE,3.52,19.92,1.76
STONE,3.52,20.0,1.76
STONE,3.52,20.08,1.76
STONE,3.52,20.16,1.76
STONE,3.52,20.24,1.76
STONE,3.52,20.32,1.76
STONE,3.52,20.4,1.76
GRASS,3.52,19.76,1.76
GRASS,3.52,20.4,1.8399999
GRASS,3.52,20.4,1.92
GRASS,3.52,20.4,2.0
STONE,3.52,20.4,2.08
GRASS,3.52,20.32,2.08
STONE,3.52,20.4,2.1599998
GRASS,3.52,20.32,2.1599998
STONE,3.52,20.32,2.24
STONE,3.52,20.4,2.24
GRASS,3.52,20.24,2.24
STONE,3.52,20.4,2.32
GRASS,3.52,20.32,2.32
STONE,3.52,20.4,2.4
GRASS,3.52,20.32,2.4
GRASS,3.52,20.4,2.48
STONE,3.6,19.84,1.28
STONE,3.6,19.92,1.28
STONE,3.6,20.0,1.28
STONE,3.6,20.08,1.28
STONE,3.6,20.16,1.28
STONE,3.6,20.24,1.28
STONE,3.6,20.32,1.28
STONE,3.6,20.4,1.28
GRASS,3.6,19.76,1.28
STONE,3.6,19.84,1.36
STONE,3.6,19.92,1.36
STONE,3.6,20.0,1.36
STONE,3.6,20.08,1.36
STONE,3.6,20.16,1.36
STONE,3.6,20.24,1.36
STONE,3.6,20.32,1.36
STONE,3.6,20.4,1.36
GRASS,3.6,19.76,1.36
STONE,3.6,19.84,1.4399999
STONE,3.6,19.92,1.4399999
STONE,3.6,20.0,1.4399999
STONE,3.6,20.08,1.4399999
STONE,3.6,20.16,1.4399999
STONE,3.6,20.24,1.4399999
STONE,3.6,20.32,1.4399999
STONE,3.6,20.4,1.4399999
GRASS,3.6,19.76,1.4399999
STONE,3.6,19.84,1.52
STONE,3.6,19.92,1.52
STONE,3.6,20.0,1.52
STONE,3.6,20.08,1.52
STONE,3.6,20.16,1.52
STONE,3.6,20.24,1.52
STONE,3.6,20.32,1.52
STONE,3.6,20.4,1.52
GRASS,3.6,19.76,1.52
STONE,3.6,19.84,1.5999999
STONE,3.6,19.92,1.5999999
STONE,3.6,20.0,1.5999999
STONE,3.6,20.08,1.5999999
STONE,3.6,20.16,1.5999999
STONE,3.6,20.24,1.5999999
STONE,3.6,20.32,1.5999999
STONE,3.6,20.4,1.5999999
GRASS,3.6,19.76,1.5999999
STONE,3.6,19.84,1.68
STONE,3.6,19.92,1.68
STONE,3.6,20.0,1.68
STONE,3.6,20.08,1.68
STONE,3.6,20.16,1.68
STONE,3.6,20.24,1.68
STONE,3.6,20.32,1.68
STONE,3.6,20.4,1.68
GRASS,3.6,19.76,1.68
STONE,3.6,19.84,1.76
STONE,3.6,19.92,1.76
STONE,3.6,20.0,1.76
STONE,3.6,20.08,1.76
STONE,3.6,20.16,1.76
STONE,3.6,20.24,1.76
STONE,3.6,20.32,1.76
STONE,3.6,20.4,1.76
GRASS,3.6,19.76,1.76
STONE,3.6,19.84,1.8399999
STONE,3.6,19.92,1.8399999
STONE,3.6,20.0,1.8399999
STONE,3.6,20.08,1.8399999
STONE,3.6,20.16,1.8399999
STONE,3.6,20.24,1.8399999
STONE,3.6,20.32,1.8399999
STONE,3.6,20.4,1.8399999
GRASS,3.6,19.76,1.8399999
GRASS,3.6,20.4,1.92
GRASS,3.6,20.4,2.0
GRASS,3.6,20.4,2.08
STONE,3.6,20.4,2.1599998
BIRCH_LOG,3.6,20.24,2.1599998
BIRCH_LOG,3.6,20.16,2.1599998
BIRCH_LOG,3.6,20.08,2.1599998
BIRCH_LOG,3.6,20.0,2.1599998
BIRCH_LOG,3.6,19.92,2.1599998
LEAF,3.6,19.84,2.1599998
LEAF,3.52,19.92,2.1599998
LEAF,3.6799998,19.92,2.1599998
LEAF,3.6,19.92,2.08
LEAF,3.6,19.92,2.2399998
DIRT,3.6,20.32,2.1599998
STONE,3.6,20.4,2.24
GRASS,3.6,20.32,2.24
STONE,3.6,20.4,2.32
GRASS,3.6,20.32,2.32
GRASS,3.6,20.4,2.4
GRASS,3.6,20.4,2.48
STONE,3.6799998,19.84,1.28
STONE,3.6799998,19.92,1.28
STONE,3.6799998,20.0,1.28
STONE,3.6799998,20.08,1.28
STONE,3.6799998,20.16,1.28
STONE,3.6799998,20.24,1.28
STONE,3.6799998,20.32,1.28
STONE,3.6799998,20.4,1.28
GRASS,3.6799998,19.76,1.28
STONE,3.6799998,19.84,1.36
STONE,3.6799998,19.92,1.36
STONE,3.6799998,20.0,1.36
STONE,3.6799998,20.08,1.36
STONE,3.6799998,20.16,1.36
STONE,3.6799998,20.24,1.36
STONE,3.6799998,20.32,1.36
STONE,3.6799998,20.4,1.36
GRASS,3.6799998,19.76,1.36
STONE,3.6799998,19.84,1.4399999
STONE,3.6799998,19.92,1.4399999
STONE,3.6799998,20.0,1.4399999
STONE,3.6799998,20.08,1.4399999
STONE,3.6799998,20.16,1.4399999
STONE,3.6799998,20.24,1.4399999
STONE,3.6799998,20.32,1.4399999
STONE,3.6799998,20.4,1.4399999
GRASS,3.6799998,19.76,1.4399999
STONE,3.6799998,19.84,1.52
STONE,3.6799998,19.92,1.52
STONE,3.6799998,20.0,1.52
STONE,3.6799998,20.08,1.52
STONE,3.6799998,20.16,1.52
STONE,3.6799998,20.24,1.52
STONE,3.6799998,20.32,1.52
STONE,3.6799998,20.4,1.52
GRASS,3.6799998,19.76,1.52
STONE,3.6799998,19.84,1.5999999
STONE,3.6799998,19.92,1.5999999
STONE,3.6799998,20.0,1.5999999
STONE,3.6799998,20.08,1.5999999
STONE,3.6799998,20.16,1.5999999
STONE,3.6799998,20.24,1.5999999
STONE,3.6799998,20.32,1.5999999
STONE,3.6799998,20.4,1.5999999
GRASS,3.6799998,19.76,1.5999999
STONE,3.6799998,19.84,1.68
STONE,3.6799998,19.92,1.68
STONE,3.6799998,20.0,1.68
STONE,3.6799998,20.08,1.68
STONE,3.6799998,20.16,1.68
STONE,3.6799998,20.24,1.68
STONE,3.6799998,20.32,1.68
STONE,3.6799998,20.4,1.68
GRASS,3.6799998,19.76,1.68
STONE,3.6799998,19.84,1.76
STONE,3.6799998,19.92,1.76
STONE,3.6799998,20.0,1.76
STONE,3.6799998,20.08,1.76
STONE,3.6799998,20.16,1.76
STONE,3.6799998,20.24,1.76
STONE,3.6799998,20.32,1.76
STONE,3.6799998,20.4,1.76
GRASS,3.6799998,19.76,1.76
STONE,3.6799998,19.84,1.8399999
STONE,3.6799998,19.92,1.8399999
STONE,3.6799998,20.0,1.8399999
STONE,3.6799998,20.08,1.8399999
STONE,3.6799998,20.16,1.8399999
STONE,3.6799998,20.24,1.8399999
STONE,3.6799998,20.32,1.8399999
STONE,3.6799998,20.4,1.8399999
GRASS,3.6799998,19.76,1.8399999
GRASS,3.6799998,20.4,1.92
GRASS,3.6799998,20.4,2.0
GRASS,3.6799998,20.4,2.08
GRASS,3.6799998,20.4,2.1599998
STONE,3.6799998,20.4,2.24
GRASS,3.6799998,20.32,2.24
GRASS,3.6799998,20.4,2.32
GRASS,3.6799998,20.4,2.4
GRASS,3.6799998,20.4,2.48
STONE,3.7599998,19.84,1.28
STONE,3.7599998,19.92,1.28
STONE,3.7599998,20.0,1.28
STONE,3.7599998,20.08,1.28
STONE,3.7599998,20.16,1.28
STONE,3.7599998,20.24,1.28
STONE,3.7599998,20.32,1.28
STONE,3.7599998,20.4,1.28
GRASS,3.7599998,19.76,1.28
STONE,3.7599998,19.84,1.36
STONE,3.7599998,19.92,1.36
STONE,3.7599998,20.0,1.36
STONE,3.7599998,20.08,1.36
STONE,3.7599998,20.16,1.36
STONE,3.7599998,20.24,1.36
STONE,3.7599998,20.32,1.36
STONE,3.7599998,20.4,1.36
GRASS,3.7599998,19.76,1.36
STONE,3.7599998,19.84,1.4399999
STONE,3.7599998,19.92,1.4399999
STONE,3.7599998,20.0,1.4399999
STONE,3.7599998,20.08,1.4399999
STONE,3.7599998,20.16,1.4399999
STONE,3.7599998,20.24,1.4399999
STONE,3.7599998,20.32,1.4399999
STONE,3.7599998,20.4,1.4399999
GRASS,3.7599998,19.76,1.4399999
STONE,3.7599998,19.84,1.52
STONE,3.7599998,19.92,1.52
STONE,3.7599998,20.0,1.52
STONE,3.7599998,20.08,1.52
STONE,3.7599998,20.16,1.52
STONE,3.7599998,20.24,1.52
STONE,3.7599998,20.32,1.52
STONE,3.7599998,20.4,1.52
GRASS,3.7599998,19.76,1.52
STONE,3.7599998,19.84,1.5999999
STONE,3.7599998,19.92,1.5999999
STONE,3.7599998,20.0,1.5999999
STONE,3.7599998,20.08,1.5999999
STONE,3.7599998,20.16,1.5999999
STONE,3.7599998,20.24,1.5999999
STONE,3.7599998,20.32,1.5999999
STONE,3.7599998,20.4,1.5999999
GRASS,3.7599998,19.76,1.5999999
STONE,3.7599998,19.84,1.68
STONE,3.7599998,19.92,1.68
STONE,3.7599998,20.0,1.68
STONE,3.7599998,20.08,1.68
STONE,3.7599998,20.16,1.68
STONE,3.7599998,20.24,1.68
STONE,3.7599998,20.32,1.68
STONE,3.7599998,20.4,1.68
GRASS,3.7599998,19.76,1.68
STONE,3.7599998,19.84,1.76
STONE,3.7599998,19.92,1.76
STONE,3.7599998,20.0,1.76
STONE,3.7599998,20.08,1.76
STONE,3.7599998,20.16,1.76
STONE,3.7599998,20.24,1.76
STONE,3.7599998,20.32,1.76
STONE,3.7599998,20.4,1.76
BIRCH_LOG,3.7599998,19.68,1.76
BIRCH_LOG,3.7599998,19.6,1.76
BIRCH_LOG,3.7599998,19.52,1.76
BIRCH_LOG,3.7599998,19.44,1.76
LEAF,3.7599998,19.36,1.76
LEAF,3.6799998,19.44,1.76
LEAF,3.8399997,19.44,1.76
LEAF,3.7599998,19.44,1.68
LEAF,3.7599998,19.44,1.84
DIRT,3.7599998,19.76,1.76
STONE,3.7599998,19.84,1.8399999
STONE,3.7599998,19.92,1.8399999
STONE,3.7599998,20.0,1.8399999
STONE,3.7599998,20.08,1.8399999
STONE,3.7599998,20.16,1.8399999
STONE,3.7599998,20.24,1.8399999
STONE,3.7599998,20.32,1.8399999
STONE,3.7599998,20.4,1.8399999
GRASS,3.7599998,19.76,1.8399999
STONE,3.7599998,20.4,1.92
GRASS,3.7599998,20.32,1.92
GRASS,3.7599998,20.4,2.0
GRASS,3.7599998,20.4,2.08
GRASS,3.7599998,20.4,2.1599998
GRASS,3.7599998,20.4,2.24
GRASS,3.7599998,20.4,2.32
GRASS,3.7599998,20.4,2.4
GRASS,3.7599998,20.4,2.48
