GRASS,2.56,20.4,3.84
GRASS,2.56,20.4,3.9199998
GRASS,2.56,20.4,4.0
GRASS,2.56,20.4,4.08
GRASS,2.56,20.4,4.16
GRASS,2.56,20.4,4.24
GRASS,2.56,20.4,4.3199997
STONE,2.56,20.4,4.4
GRASS,2.56,20.32,4.4
GRASS,2.56,20.4,4.48
GRASS,2.56,20.4,4.56
GRASS,2.56,20.4,4.64
GRASS,2.56,20.4,4.72
GRASS,2.56,20.4,4.7999997
GRASS,2.56,20.4,4.88
STONE,2.56,20.4,4.96
GRASS,2.56,20.32,4.96
GRASS,2.56,20.4,5.04
GRASS,2.6399999,20.4,3.84
GRASS,2.6399999,20.4,3.9199998
GRASS,2.6399999,20.4,4.0
GRASS,2.6399999,20.4,4.08
STONE,2.6399999,20.4,4.16
GRASS,2.6399999,20.32,4.16
GRASS,2.6399999,20.4,4.24
GRASS,2.6399999,20.4,4.3199997
GRASS,2.6399999,20.4,4.4
GRASS,2.6399999,20.4,4.48
GRASS,2.6399999,20.4,4.56
GRASS,2.6399999,20.4,4.64
GRASS,2.6399999,20.4,4.72
GRASS,2.6399999,20.4,4.7999997
GRASS,2.6399999,20.4,4.88
GRASS,2.6399999,20.4,4.96
GRASS,2.6399999,20.4,5.04
GRASS,2.72,20.4,3.84
GRASS,2.72,20.4,3.9199998
GRASS,2.72,20.4,4.0
GRASS,2.72,20.4,4.08
GRASS,2.72,20.4,4.16
GRASS,2.72,20.4,4.24
GRASS,2.72,20.4,4.3199997
GRASS,2.72,20.4,4.4
GRASS,2.72,20.4,4.48
GRASS,2.72,20.4,4.56
GRASS,2.72,20.4,4.64
GRASS,2.72,20.4,4.72
GRASS,2.72,20.4,4.7999997
GRASS,2.72,20.4,4.88
GRASS,2.72,20.4,4.96
GRASS,2.72,20.4,5.04
GRASS,2.8,20.4,3.84
GRASS,2.8,20.4,3.9199998
GRASS,2.8,20.4,4.0
GRASS,2.8,20.4,4.08
GRASS,2.8,20.4,4.16
GRASS,2.8,20.4,4.24
GRASS,2.8,20.4,4.3199997
GRASS,2.8,20.4,4.4
GRASS,2.8,20.4,4.48
GRASS,2.8,20.4,4.56
GRASS,2.8,20.4,4.64
GRASS,2.8,20.4,4.72
GRASS,2.8,20.4,4.7999997
GRASS,2.8,20.4,4.88
GRASS,2.8,20.4,4.96
GRASS,2.8,20.4,5.04
GRASS,2.8799999,20.4,3.84
GRASS,2.8799999,20.4,3.9199998
GRASS,2.8799999,20.4,4.0
GRASS,2.8799999,20.4,4.08
GRASS,2.8799999,20.4,4.16
GRASS,2.8799999,20.4,4.24
GRASS,2.8799999,20.4,4.3199997
GRASS,2.8799999,20.4,4.4
GRASS,2.8799999,20.4,4.48
GRASS,2.8799999,20.4,4.56
GRASS,2.8799999,20.4,4.64
GRASS,2.8799999,20.4,4.72
GRASS,2.8799999,20.4,4.7999997
GRASS,2.8799999,20.4,4.88
GRASS,2.8799999,20.4,4.96
GRASS,2.8799999,20.4,5.04
GRASS,2.96,20.4,3.84
GRASS,2.96,20.4,3.9199998
GRASS,2.96,20.4,4.0
GRASS,2.96,20.4,4.08
GRASS,2.96,20.4,4.16
GRASS,2.96,20.4,4.24
GRASS,2.96,20.4,4.3199997
GRASS,2.96,20.4,4.4
GRASS,2.96,20.4,4.48
GRASS,2.96,20.4,4.56
GRASS,2.96,20.4,4.64
GRASS,2.96,20.4,4.72
GRASS,2.96,20.4,4.7999997
GRASS,2.96,20.4,4.88
GRASS,2.96,20.4,4.96
GRASS,2.96,20.4,5.04
GRASS,3.04,20.4,3.84
GRASS,3.04,20.4,3.9199998
GRASS,3.04,20.4,4.0
GRASS,3.04,20.4,4.08
GRASS,3.04,20.4,4.16
GRASS,3.04,20.4,4.24
BIRCH_LOG,3.04,20.32,4.3199997
BIRCH_LOG,3.04,20.24,4.3199997
BIRCH_LOG,3.04,20.16,4.3199997
BIRCH_LOG,3.04,20.08,4.3199997
LEAF,3.04,20.0,4.3199997
LEAF,2.96,20.08,4.3199997
LEAF,3.12,20.08,4.3199997
LEAF,3.04,20.08,4.24
LEAF,3.04,20.08,4.3999996
DIRT,3.04,20.4,4.3199997
GRASS,3.04,20.4,4.4
GRASS,3.04,20.4,4.48
GRASS,3.04,20.4,4.56
GRASS,3.04,20.4,4.64
GRASS,3.04,20.4,4.72
GRASS,3.04,20.4,4.7999997
STONE,3.04,20.4,4.88
GRASS,3.04,20.32,4.88
GRASS,3.04,20.4,4.96
GRASS,3.04,20.4,5.04
GRASS,3.12,20.4,3.84
GRASS,3.12,20.4,3.9199998
GRASS,3.12,20.4,4.0
GRASS,3.12,20.4,4.08
GRASS,3.12,20.4,4.16
GRASS,3.12,20.4,4.24
STONE,3.12,20.4,4.3199997
GRASS,3.12,20.32,4.3199997
GRASS,3.12,20.4,4.4
GRASS,3.12,20.4,4.48
GRASS,3.12,20.4,4.56
GRASS,3.12,20.4,4.64
GRASS,3.12,20.4,4.72
GRASS,3.12,20.4,4.7999997
GRASS,3.12,20.4,4.88
GRASS,3.12,20.4,4.96
GRASS,3.12,20.4,5.04
GRASS,3.1999998,20.4,3.84
GRASS,3.1999998,20.4,3.9199998
GRASS,3.1999998,20.4,4.0
GRASS,3.1999998,20.4,4.08
GRASS,3.1999998,20.4,4.16
STONE,3.1999998,20.4,4.24
BIRCH_LOG,3.1999998,20.24,4.24
BIRCH_LOG,3.1999998,20.16,4.24
BIRCH_LOG,3.1999998,20.08,4.24
BIRCH_LOG,3.1999998,20.0,4.24
BIRCH_LOG,3.1999998,19.92,4.24
LEAF,3.1999998,19.84,4.24
LEAF,3.12,19.92,4.24
LEAF,3.2799997,19.92,4.24
LEAF,3.1999998,19.92,4.16
LEAF,3.1999998,19.92,4.3199997
DIRT,3.1999998,20.32,4.24
STONE,3.1999998,20.4,4.3199997
GRASS,3.1999998,20.32,4.3199997
STONE,3.1999998,20.4,4.4
GRASS,3.1999998,20.32,4.4
GRASS,3.1999998,20.4,4.48
GRASS,3.1999998,20.4,4.56
GRASS,3.1999998,20.4,4.64
GRASS,3.1999998,20.4,4.72
GRASS,3.1999998,20.4,4.7999997
GRASS,3.1999998,20.4,4.88
GRASS,3.1999998,20.4,4.96
GRASS,3.1999998,20.4,5.04
GRASS,3.28,20.4,3.84
GRASS,3.28,20.4,3.9199998
GRASS,3.28,20.4,4.0
GRASS,3.28,20.4,4.08
STONE,3.28,20.4,4.16
GRASS,3.28,20.32,4.16
STONE,3.28,20.4,4.24
GRASS,3.28,20.32,4.24
STONE,3.28,20.32,4.3199997
STONE,3.28,20.4,4.3199997
GRASS,3.28,20.24,4.3199997
STONE,3.28,20.4,4.4
GRASS,3.28,20.32,4.4
STONE,3.28,20.4,4.48
GRASS,3.28,20.32,4.48
GRASS,3.28,20.4,4.56
GRASS,3.28,20.4,4.64
GRASS,3.28,20.4,4.72
GRASS,3.28,20.4,4.7999997
GRASS,3.28,20.4,4.88
GRASS,3.28,20.4,4.96
GRASS,3.28,20.4,5.04
GRASS,3.36,20.4,3.84
GRASS,3.36,20.4,3.9199998
GRASS,3.36,20.4,4.0
GRASS,3.36,20.4,4.08
GRASS,3.36,20.4,4.16
STONE,3.36,20.4,4.24
GRASS,3.36,20.32,4.24
STONE,3.36,20.4,4.3199997
GRASS,3.36,20.32,4.3199997
STONE,3.36,20.4,4.4
GRASS,3.36,20.32,4.4
GRASS,3.36,20.4,4.48
GRASS,3.36,20.4,4.56
STONE,3.36,20.4,4.64
GRASS,3.36,20.32,4.64
GRASS,3.36,20.4,4.72
GRASS,3.36,20.4,4.7999997
GRASS,3.36,20.4,4.88
GRASS,3.36,20.4,4.96
GRASS,3.36,20.4,5.04
GRASS,3.44,20.4,3.84
GRASS,3.44,20.4,3.9199998
GRASS,3.44,20.4,4.0
GRASS,3.44,20.4,4.08
GRASS,3.44,20.4,4.16
GRASS,3.44,20.4,4.24
STONE,3.44,20.4,4.3199997
GRASS,3.44,20.32,4.3199997
GRASS,3.44,20.4,4.4
GRASS,3.44,20.4,4.48
STONE,3.44,20.4,4.56
GRASS,3.44,20.32,4.56
STONE,3.44,20.4,4.64
GRASS,3.44,20.32,4.64
STONE,3.44,20.4,4.72
GRASS,3.44,20.32,4.72
GRASS,3.44,20.4,4.7999997
GRASS,3.44,20.4,4.88
GRASS,3.44,20.4,4.96
GRASS,3.44,20.4,5.04
GRASS,3.52,20.4,3.84
GRASS,3.52,20.4,3.9199998
GRASS,3.52,20.4,4.0
GRASS,3.52,20.4,4.08
STONE,3.52,20.4,4.16
GRASS,3.52,20.32,4.16
GRASS,3.52,20.4,4.24
GRASS,3.52,20.4,4.3199997
GRASS,3.52,20.4,4.4
STONE,3.52,20.4,4.48
GRASS,3.52,20.32,4.48
STONE,3.52,20.4,4.56
GRASS,3.52,20.32,4.56
STONE,3.52,20.32,4.64
STONE,3.52,20.4,4.64
GRASS,3.52,20.24,4.64
STONE,3.52,20.4,4.72
GRASS,3.52,20.32,4.72
STONE,3.52,20.4,4.7999997
GRASS,3.52,20.32,4.7999997
GRASS,3.52,20.4,4.88
GRASS,3.52,20.4,4.96
GRASS,3.52,20.4,5.04
GRASS,3.6,20.4,3.84
GRASS,3.6,20.4,3.9199998
GRASS,3.6,20.4,4.0
STONE,3.6,20.4,4.08
GRASS,3.6,20.32,4.08
STONE,3.6,20.4,4.16
GRASS,3.6,20.32,4.16
STONE,3.6,20.4,4.24
GRASS,3.6,20.32,4.24
STONE,3.6,20.4,4.3199997
GRASS,3.6,20.32,4.3199997
GRASS,3.6,20.4,4.4
GRASS,3.6,20.4,4.48
STONE,3.6,20.4,4.56
GRASS,3.6,20.32,4.56
STONE,3.6,20.4,4.64
GRASS,3.6,20.32,4.64
STONE,3.6,20.4,4.72
GRASS,3.6,20.32,4.72
GRASS,3.6,20.4,4.7999997
GRASS,3.6,20.4,4.88
GRASS,3.6,20.4,4.96
GRASS,3.6,20.4,5.04
GRASS,3.6799998,20.4,3.84
GRASS,3.6799998,20.4,3.9199998
GRASS,3.6799998,20.4,4.0
GRASS,3.6799998,20.4,4.08
STONE,3.6799998,20.4,4.16
GRASS,3.6799998,20.32,4.16
STONE,3.6799998,20.4,4.24
GRASS,3.6799998,20.32,4.24
STONE,3.6799998,20.4,4.3199997
GRASS,3.6799998,20.32,4.3199997
STONE,3.6799998,20.4,4.4
GRASS,3.6799998,20.32,4.4
GRASS,3.6799998,20.4,4.48
GRASS,3.6799998,20.4,4.56
STONE,3.6799998,20.4,4.64
GRASS,3.6799998,20.32,4.64
GRASS,3.6799998,20.4,4.72
GRASS,3.6799998,20.4,4.7999997
GRASS,3.6799998,20.4,4.88
GRASS,3.6799998,20.4,4.96
GRASS,3.6799998,20.4,5.04
GRASS,3.7599998,20.4,3.84
GRASS,3.7599998,20.4,3.9199998
GRASS,3.7599998,20.4,4.0
GRASS,3.7599998,20.4,4.08
STONE,3.7599998,20.4,4.16
GRASS,3.7599998,20.32,4.16
STONE,3.7599998,20.4,4.24
GRASS,3.7599998,20.32,4.24
STONE,3.7599998,20.32,4.3199997
STONE,3.7599998,20.4,4.3199997
GRASS,3.7599998,20.24,4.3199997
STONE,3.7599998,20.4,4.4
GRASS,3.7599998,20.32,4.4
STONE,3.7599998,20.4,4.48
GRASS,3.7599998,20.32,4.48
GRASS,3.7599998,20.4,4.56
GRASS,3.7599998,20.4,4.64
GRASS,3.7599998,20.4,4.72
GRASS,3.7599998,20.4,4.7999997
GRASS,3.7599998,20.4,4.88
LOG,3.7599998,20.32,4.96
LOG,3.7599998,20.24,4.96
LOG,3.7599998,20.16,4.96
LOG,3.7599998,20.08,4.96
LOG,3.7599998,20.0,4.96
LEAF,3.7599998,19.92,4.96
LEAF,3.6799998,20.0,4.96
LEAF,3.8399997,20.0,4.96
LEAF,3.7599998,20.0,4.88
LEAF,3.7599998,20.0,5.04
DIRT,3.7599998,20.4,4.96
GRASS,3.7599998,20.4,5.04
LEAF,3.84,19.92,4.64
