GRASS,2.56,20.4,0.0
GRASS,2.56,20.4,0.08
GRASS,2.56,20.4,0.16
GRASS,2.56,20.4,0.24
GRASS,2.56,20.4,0.32
GRASS,2.56,20.4,0.39999998
GRASS,2.56,20.4,0.48
GRASS,2.56,20.4,0.56
GRASS,2.56,20.4,0.64
GRASS,2.56,20.4,0.71999997
STONE,2.56,20.4,0.79999995
GRASS,2.56,20.32,0.79999995
STONE,2.56,20.4,0.88
GRASS,2.56,20.32,0.88
STONE,2.56,20.32,0.96
STONE,2.56,20.4,0.96
GRASS,2.56,20.24,0.96
STONE,2.56,20.4,1.04
GRASS,2.56,20.32,1.04
STONE,2.56,20.4,1.12
GRASS,2.56,20.32,1.12
GRASS,2.56,20.4,1.1999999
GRASS,2.6399999,20.4,0.0
GRASS,2.6399999,20.4,0.08
GRASS,2.6399999,20.4,0.16
GRASS,2.6399999,20.4,0.24
GRASS,2.6399999,20.4,0.32
GRASS,2.6399999,20.4,0.39999998
GRASS,2.6399999,20.4,0.48
GRASS,2.6399999,20.4,0.56
GRASS,2.6399999,20.4,0.64
GRASS,2.6399999,20.4,0.71999997
GRASS,2.6399999,20.4,0.79999995
STONE,2.6399999,20.4,0.88
GRASS,2.6399999,20.32,0.88
STONE,2.6399999,20.4,0.96
GRASS,2.6399999,20.32,0.96
STONE,2.6399999,20.4,1.04
GRASS,2.6399999,20.32,1.04
GRASS,2.6399999,20.4,1.12
STONE,2.6399999,20.4,1.1999999
GRASS,2.6399999,20.32,1.1999999
BIRCH_LOG,2.72,20.32,0.0
BIRCH_LOG,2.72,20.24,0.0
BIRCH_LOG,2.72,20.16,0.0
BIRCH_LOG,2.72,20.08,0.0
BIRCH_LOG,2.72,20.0,0.0
LEAF,2.72,19.92,0.0
LEAF,2.64,20.0,0.0
LEAF,2.8,20.0,0.0
LEAF,2.72,20.0,0.08
DIRT,2.72,20.4,0.0
GRASS,2.72,20.4,0.08
GRASS,2.72,20.4,0.16
GRASS,2.72,20.4,0.24
GRASS,2.72,20.4,0.32
GRASS,2.72,20.4,0.39999998
GRASS,2.72,20.4,0.48
GRASS,2.72,20.4,0.56
GRASS,2.72,20.4,0.64
GRASS,2.72,20.4,0.71999997
GRASS,2.72,20.4,0.79999995
GRASS,2.72,20.4,0.88
STONE,2.72,20.4,0.96
GRASS,2.72,20.32,0.96
GRASS,2.72,20.4,1.04
GRASS,2.72,20.4,1.12
GRASS,2.72,20.4,1.1999999
GRASS,2.8,20.4,0.0
GRASS,2.8,20.4,0.08
GRASS,2.8,20.4,0.16
GRASS,2.8,20.4,0.24
GRASS,2.8,20.4,0.32
GRASS,2.8,20.4,0.39999998
GRASS,2.8,20.4,0.48
GRASS,2.8,20.4,0.56
GRASS,2.8,20.4,0.64
GRASS,2.8,20.4,0.71999997
GRASS,2.8,20.4,0.79999995
GRASS,2.8,20.4,0.88
GRASS,2.8,20.4,0.96
GRASS,2.8,20.4,1.04
GRASS,2.8,20.4,1.12
GRASS,2.8,20.4,1.1999999
GRASS,2.8799999,20.4,0.0
GRASS,2.8799999,20.4,0.08
GRASS,2.8799999,20.4,0.16
GRASS,2.8799999,20.4,0.24
GRASS,2.8799999,20.4,0.32
GRASS,2.8799999,20.4,0.39999998
GRASS,2.8799999,20.4,0.48
GRASS,2.8799999,20.4,0.56
GRASS,2.8799999,20.4,0.64
GRASS,2.8799999,20.4,0.71999997
GRASS,2.8799999,20.4,0.79999995
GRASS,2.8799999,20.4,0.88
GRASS,2.8799999,20.4,0.96
GRASS,2.8799999,20.4,1.04
GRASS,2.8799999,20.4,1.12
GRASS,2.8799999,20.4,1.1999999
GRASS,2.96,20.4,0.0
GRASS,2.96,20.4,0.08
GRASS,2.96,20.4,0.16
GRASS,2.96,20.4,0.24
GRASS,2.96,20.4,0.32
GRASS,2.96,20.4,0.39999998
GRASS,2.96,20.4,0.48
GRASS,2.96,20.4,0.56
GRASS,2.96,20.4,0.64
GRASS,2.96,20.4,0.71999997
GRASS,2.96,20.4,0.79999995
GRASS,2.96,20.4,0.88
GRASS,2.96,20.4,0.96
GRASS,2.96,20.4,1.04
GRASS,2.96,20.4,1.12
GRASS,2.96,20.4,1.1999999
GRASS,3.04,20.4,0.0
GRASS,3.04,20.4,0.08
GRASS,3.04,20.4,0.16
GRASS,3.04,20.4,0.24
GRASS,3.04,20.4,0.32
GRASS,3.04,20.4,0.39999998
GRASS,3.04,20.4,0.48
GRASS,3.04,20.4,0.56
GRASS,3.04,20.4,0.64
GRASS,3.04,20.4,0.71999997
GRASS,3.04,20.4,0.79999995
GRASS,3.04,20.4,0.88
GRASS,3.04,20.4,0.96
GRASS,3.04,20.4,1.04
GRASS,3.04,20.4,1.12
GRASS,3.04,20.4,1.1999999
GRASS,3.12,20.4,0.0
LOG,3.12,20.32,0.08
LOG,3.12,20.24,0.08
LOG,3.12,20.16,0.08
LOG,3.12,20.08,0.08
LEAF,3.12,20.0,0.08
LEAF,3.04,20.08,0.08
LEAF,3.1999998,20.08,0.08
LEAF,3.12,20.08,0.0
LEAF,3.12,20.08,0.16
DIRT,3.12,20.4,0.08
GRASS,3.12,20.4,0.16
GRASS,3.12,20.4,0.24
GRASS,3.12,20.4,0.32
GRASS,3.12,20.4,0.39999998
GRASS,3.12,20.4,0.48
GRASS,3.12,20.4,0.56
GRASS,3.12,20.4,0.64
GRASS,3.12,20.4,0.71999997
GRASS,3.12,20.4,0.79999995
GRASS,3.12,20.4,0.88
GRASS,3.12,20.4,0.96
GRASS,3.12,20.4,1.04
GRASS,3.12,20.4,1.12
GRASS,3.12,20.4,1.1999999
GRASS,3.1999998,20.4,0.0
GRASS,3.1999998,20.4,0.08
GRASS,3.1999998,20.4,0.16
BIRCH_LOG,3.1999998,20.32,0.24
BIRCH_LOG,3.1999998,20.24,0.24
BIRCH_LOG,3.1999998,20.16,0.24
BIRCH_LOG,3.1999998,20.08,0.24
BIRCH_LOG,3.1999998,20.0,0.24
LEAF,3.1999998,19.92,0.24
LEAF,3.12,20.0,0.24
LEAF,3.2799997,20.0,0.24
LEAF,3.1999998,20.0,0.16
LEAF,3.1999998,20.0,0.32
DIRT,3.1999998,20.4,0.24
GRASS,3.1999998,20.4,0.32
GRASS,3.1999998,20.4,0.39999998
GRASS,3.1999998,20.4,0.48
GRASS,3.1999998,20.4,0.56
GRASS,3.1999998,20.4,0.64
GRASS,3.1999998,20.4,0.71999997
GRASS,3.1999998,20.4,0.79999995
GRASS,3.1999998,20.4,0.88
GRASS,3.1999998,20.4,0.96
GRASS,3.1999998,20.4,1.04
GRASS,3.1999998,20.4,1.12
GRASS,3.1999998,20.4,1.1999999
GRASS,3.28,20.4,0.0
GRASS,3.28,20.4,0.08
GRASS,3.28,20.4,0.16
GRASS,3.28,20.4,0.24
GRASS,3.28,20.4,0.32
GRASS,3.28,20.4,0.39999998
GRASS,3.28,20.4,0.48
GRASS,3.28,20.4,0.56
GRASS,3.28,20.4,0.64
GRASS,3.28,20.4,0.71999997
GRASS,3.28,20.4,0.79999995
GRASS,3.28,20.4,0.88
GRASS,3.28,20.4,0.96
GRASS,3.28,20.4,1.04
GRASS,3.28,20.4,1.12
GRASS,3.28,20.4,1.1999999
GRASS,3.36,20.4,0.0
GRASS,3.36,20.4,0.08
GRASS,3.36,20.4,0.16
GRASS,3.36,20.4,0.24
GRASS,3.36,20.4,0.32
GRASS,3.36,20.4,0.39999998
GRASS,3.36,20.4,0.48
GRASS,3.36,20.4,0.56
GRASS,3.36,20.4,0.64
GRASS,3.36,20.4,0.71999997
GRASS,3.36,20.4,0.79999995
GRASS,3.36,20.4,0.88
GRASS,3.36,20.4,0.96
GRASS,3.36,20.4,1.04
STONE,3.36,19.84,1.12
STONE,3.36,19.92,1.12
STONE,3.36,20.0,1.12
STONE,3.36,20.08,1.12
STONE,3.36,20.16,1.12
STONE,3.36,20.24,1.12
STONE,3.36,20.32,1.12
STONE,3.36,20.4,1.12
GRASS,3.36,19.76,1.12
STONE,3.36,19.84,1.1999999
STONE,3.36,19.92,1.1999999
STONE,3.36,20.0,1.1999999
STONE,3.36,20.08,1.1999999
STONE,3.36,20.16,1.1999999
STONE,3.36,20.24,1.1999999
STONE,3.36,20.32,1.1999999
STONE,3.36,20.4,1.1999999
GRASS,3.36,19.76,1.1999999
GRASS,3.44,20.4,0.0
GRASS,3.44,20.4,0.08
GRASS,3.44,20.4,0.16
GRASS,3.44,20.4,0.24
GRASS,3.44,20.4,0.32
GRASS,3.44,20.4,0.39999998
GRASS,3.44,20.4,0.48
GRASS,3.44,20.4,0.56
GRASS,3.44,20.4,0.64
GRASS,3.44,20.4,0.71999997
GRASS,3.44,20.4,0.79999995
GRASS,3.44,20.4,0.88
GRASS,3.44,20.4,0.96
STONE,3.44,19.84,1.04
STONE,3.44,19.92,1.04
STONE,3.44,20.0,1.04
STONE,3.44,20.08,1.04
STONE,3.44,20.16,1.04
STONE,3.44,20.24,1.04
STONE,3.44,20.32,1.04
STONE,3.44,20.4,1.04
GRASS,3.44,19.76,1.04
STONE,3.44,19.84,1.12
STONE,3.44,19.92,1.12
STONE,3.44,20.0,1.12
STONE,3.44,20.08,1.12
STONE,3.44,20.16,1.12
STONE,3.44,20.24,1.12
STONE,3.44,20.32,1.12
STONE,3.44,20.4,1.12
GRASS,3.44,19.76,1.12
STONE,3.44,19.84,1.1999999
STONE,3.44,19.92,1.1999999
STONE,3.44,20.0,1.1999999
STONE,3.44,20.08,1.1999999
STONE,3.44,20.16,1.1999999
STONE,3.44,20.24,1.1999999
STONE,3.44,20.32,1.1999999
STONE,3.44,20.4,1.1999999
GRASS,3.44,19.76,1.1999999
GRASS,3.52,20.4,0.0
GRASS,3.52,20.4,0.08
GRASS,3.52,20.4,0.16
GRASS,3.52,20.4,0.24
GRASS,3.52,20.4,0.32
GRASS,3.52,20.4,0.39999998
GRASS,3.52,20.4,0.48
GRASS,3.52,20.4,0.56
GRASS,3.52,20.4,0.64
GRASS,3.52,20.4,0.71999997
GRASS,3.52,20.4,0.79999995
GRASS,3.52,20.4,0.88
STONE,3.52,19.84,0.96
STONE,3.52,19.92,0.96
STONE,3.52,20.32,0.96
STONE,3.52,20.4,0.96
GRASS,3.52,19.76,0.96
STONE,3.52,19.84,1.04
STONE,3.52,19.92,1.04
STONE,3.52,20.0,1.04
STONE,3.52,20.08,1.04
STONE,3.52,20.16,1.04
STONE,3.52,20.24,1.04
STONE,3.52,20.32,1.04
STONE,3.52,20.4,1.04
GRASS,3.52,19.76,1.04
STONE,3.52,19.84,1.12
STONE,3.52,19.92,1.12
STONE,3.52,20.0,1.12
STONE,3.52,20.08,1.12
STONE,3.52,20.16,1.12
STONE,3.52,20.24,1.12
STONE,3.52,20.32,1.12
STONE,3.52,20.4,1.12
GRASS,3.52,19.76,1.12
STONE,3.52,19.84,1.1999999
STONE,3.52,19.92,1.1999999
STONE,3.52,20.0,1.1999999
STONE,3.52,20.08,1.1999999
STONE,3.52,20.16,1.1999999
STONE,3.52,20.24,1.1999999
STONE,3.52,20.32,1.1999999
STONE,3.52,20.4,1.1999999
GRASS,3.52,19.76,1.1999999
GRASS,3.6,20.4,0.0
GRASS,3.6,20.4,0.08
GRASS,3.6,20.4,0.16
GRASS,3.6,20.4,0.24
GRASS,3.6,20.4,0.32
GRASS,3.6,20.4,0.39999998
GRASS,3.6,20.4,0.48
GRASS,3.6,20.4,0.56
GRASS,3.6,20.4,0.64
GRASS,3.6,20.4,0.71999997
GRASS,3.6,20.4,0.79999995
STONE,3.6,20.24,0.88
STONE,3.6,20.32,0.88
STONE,3.6,20.4,0.88
GRASS,3.6,19.76,0.88
STONE,3.6,19.92,0.96
STONE,3.6,20.0,0.96
STONE,3.6,20.08,0.96
STONE,3.6,20.16,0.96
STONE,3.6,20.24,0.96
STONE,3.6,20.32,0.96
STONE,3.6,20.4,0.96
GRASS,3.6,19.76,0.96
STONE,3.6,19.84,1.04
STONE,3.6,19.92,1.04
STONE,3.6,20.0,1.04
STONE,3.6,20.08,1.04
STONE,3.6,20.16,1.04
STONE,3.6,20.24,1.04
STONE,3.6,20.32,1.04
STONE,3.6,20.4,1.04
GRASS,3.6,19.76,1.04
STONE,3.6,19.84,1.12
STONE,3.6,19.92,1.12
STONE,3.6,20.0,1.12
STONE,3.6,20.08,1.12
STONE,3.6,20.16,1.12
STONE,3.6,20.24,1.12
STONE,3.6,20.32,1.12
STONE,3.6,20.4,1.12
GRASS,3.6,19.76,1.12
STONE,3.6,19.84,1.1999999
STONE,3.6,19.92,1.1999999
STONE,3.6,20.0,1.1999999
STONE,3.6,20.08,1.1999999
STONE,3.6,20.16,1.1999999
STONE,3.6,20.24,1.1999999
STONE,3.6,20.32,1.1999999
STONE,3.6,20.4,1.1999999
GRASS,3.6,19.76,1.1999999
GRASS,3.6799998,20.4,0.0
GRASS,3.6799998,20.4,0.08
GRASS,3.6799998,20.4,0.16
GRASS,3.6799998,20.4,0.24
GRASS,3.6799998,20.4,0.32
GRASS,3.6799998,20.4,0.39999998
GRASS,3.6799998,20.4,0.48
GRASS,3.6799998,20.4,0.56
GRASS,3.6799998,20.4,0.64
GRASS,3.6799998,20.4,0.71999997
GRASS,3.6799998,20.4,0.79999995
STONE,3.6799998,20.08,0.88
STONE,3.6799998,20.16,0.88
STONE,3.6799998,20.24,0.88
STONE,3.6799998,20.32,0.88
STONE,3.6799998,20.4,0.88
STONE,3.6799998,19.92,0.96
STONE,3.6799998,20.0,0.96
STONE,3.6799998,20.08,0.96
STONE,3.6799998,20.16,0.96
STONE,3.6799998,20.24,0.96
STONE,3.6799998,20.32,0.96
STONE,3.6799998,20.4,0.96
GRASS,3.6799998,19.76,0.96
STONE,3.6799998,19.84,1.04
STONE,3.6799998,19.92,1.04
STONE,3.6799998,20.0,1.04
STONE,3.6799998,20.08,1.04
STONE,3.6799998,20.16,1.04
STONE,3.6799998,20.24,1.04
STONE,3.6799998,20.32,1.04
STONE,3.6799998,20.4,1.04
GRASS,3.6799998,19.76,1.04
STONE,3.6799998,19.84,1.12
STONE,3.6799998,19.92,1.12
STONE,3.6799998,20.0,1.12
STONE,3.6799998,20.08,1.12
STONE,3.6799998,20.16,1.12
STONE,3.6799998,20.24,1.12
STONE,3.6799998,20.32,1.12
STONE,3.6799998,20.4,1.12
GRASS,3.6799998,19.76,1.12
STONE,3.6799998,19.84,1.1999999
STONE,3.6799998,19.92,1.1999999
STONE,3.6799998,20.0,1.1999999
STONE,3.6799998,20.08,1.1999999
STONE,3.6799998,20.16,1.1999999
STONE,3.6799998,20.24,1.1999999
STONE,3.6799998,20.32,1.1999999
STONE,3.6799998,20.4,1.1999999
GRASS,3.6799998,19.76,1.1999999
GRASS,3.7599998,20.4,0.0
GRASS,3.7599998,20.4,0.08
GRASS,3.7599998,20.4,0.16
GRASS,3.7599998,20.4,0.24
GRASS,3.7599998,20.4,0.32
GRASS,3.7599998,20.4,0.39999998
GRASS,3.7599998,20.4,0.48
GRASS,3.7599998,20.4,0.56
GRASS,3.7599998,20.4,0.64
GRASS,3.7599998,20.4,0.71999997
GRASS,3.7599998,20.4,0.79999995
STONE,3.7599998,20.0,0.88
STONE,3.7599998,20.08,0.88
STONE,3.7599998,20.16,0.88
STONE,3.7599998,20.24,0.88
STONE,3.7599998,20.32,0.88
STONE,3.7599998,20.4,0.88
STONE,3.7599998,19.84,0.96
STONE,3.7599998,19.92,0.96
STONE,3.7599998,20.0,0.96
STONE,3.7599998,20.08,0.96
STONE,3.7599998,20.16,0.96
STONE,3.7599998,20.24,0.96
STONE,3.7599998,20.32,0.96
STONE,3.7599998,20.4,0.96
GRASS,3.7599998,19.76,0.96
STONE,3.7599998,19.84,1.04
STONE,3.7599998,19.92,1.04
STONE,3.7599998,20.0,1.04
STONE,3.7599998,20.08,1.04
STONE,3.7599998,20.16,1.04
STONE,3.7599998,20.24,1.04
STONE,3.7599998,20.32,1.04
STONE,3.7599998,20.4,1.04
GRASS,3.7599998,19.76,1.04
STONE,3.7599998,19.84,1.12
STONE,3.7599998,19.92,1.12
STONE,3.7599998,20.0,1.12
STONE,3.7599998,20.08,1.12
STONE,3.7599998,20.16,1.12
STONE,3.7599998,20.24,1.12
STONE,3.7599998,20.32,1.12
STONE,3.7599998,20.4,1.12
GRASS,3.7599998,19.76,1.12
STONE,3.7599998,19.84,1.1999999
STONE,3.7599998,19.92,1.1999999
STONE,3.7599998,20.0,1.1999999
STONE,3.7599998,20.08,1.1999999
STONE,3.7599998,20.16,1.1999999
STONE,3.7599998,20.24,1.1999999
STONE,3.7599998,20.32,1.1999999
STONE,3.7599998,20.4,1.1999999
GRASS,3.7599998,19.76,1.1999999
