GRASS,20.48,20.4,15.36
GRASS,20.48,20.4,15.44
GRASS,20.48,20.4,15.5199995
GRASS,20.48,20.4,15.599999
GRASS,20.48,20.4,15.679999
GRASS,20.48,20.4,15.759999
GRASS,20.48,20.4,15.839999
GRASS,20.48,20.4,15.92
GRASS,20.48,20.4,16.0
GRASS,20.48,20.4,16.08
GRASS,20.48,20.4,16.16
GRASS,20.48,20.4,16.24
GRASS,20.48,20.4,16.32
STONE,20.48,20.4,16.4
GRASS,20.48,20.32,16.4
GRASS,20.48,20.4,16.48
GRASS,20.48,20.4,16.56
GRASS,20.56,20.4,15.36
GRASS,20.56,20.4,15.44
GRASS,20.56,20.4,15.5199995
GRASS,20.56,20.4,15.599999
GRASS,20.56,20.4,15.679999
GRASS,20.56,20.4,15.759999
GRASS,20.56,20.4,15.839999
GRASS,20.56,20.4,15.92
GRASS,20.56,20.4,16.0
GRASS,20.56,20.4,16.08
LOG,20.56,20.32,16.16
LOG,20.56,20.24,16.16
LOG,20.56,20.16,16.16
LOG,20.56,20.08,16.16
LEAF,20.56,20.0,16.16
LEAF,20.64,20.08,16.16
LEAF,20.56,20.08,16.08
LEAF,20.56,20.08,16.24
DIRT,20.56,20.4,16.16
GRASS,20.56,20.4,16.24
STONE,20.56,20.4,16.32
GRASS,20.56,20.32,16.32
STONE,20.56,20.4,16.4
GRASS,20.56,20.32,16.4
STONE,20.56,20.4,16.48
GRASS,20.56,20.32,16.48
GRASS,20.56,20.4,16.56
GRASS,20.64,20.4,15.36
GRASS,20.64,20.4,15.44
GRASS,20.64,20.4,15.5199995
GRASS,20.64,20.4,15.599999
GRASS,20.64,20.4,15.679999
GRASS,20.64,20.4,15.759999
GRASS,20.64,20.4,15.839999
GRASS,20.64,20.4,15.92
GRASS,20.64,20.4,16.0
GRASS,20.64,20.4,16.08
GRASS,20.64,20.4,16.16
GRASS,20.64,20.4,16.24
GRASS,20.64,20.4,16.32
STONE,20.64,20.4,16.4
GRASS,20.64,20.32,16.4
GRASS,20.64,20.4,16.48
GRASS,20.64,20.4,16.56
GRASS,20.72,20.4,15.36
GRASS,20.72,20.4,15.44
GRASS,20.72,20.4,15.5199995
GRASS,20.72,20.4,15.599999
GRASS,20.72,20.4,15.679999
GRASS,20.72,20.4,15.759999
GRASS,20.72,20.4,15.839999
GRASS,20.72,20.4,15.92
GRASS,20.72,20.4,16.0
STONE,20.72,20.4,16.08
GRASS,20.72,20.32,16.08
GRASS,20.72,20.4,16.16
GRASS,20.72,20.4,16.24
GRASS,20.72,20.4,16.32
GRASS,20.72,20.4,16.4
GRASS,20.72,20.4,16.48
GRASS,20.72,20.4,16.56
GRASS,20.8,20.4,15.36
GRASS,20.8,20.4,15.44
GRASS,20.8,20.4,15.5199995
GRASS,20.8,20.4,15.599999
GRASS,20.8,20.4,15.679999
GRASS,20.8,20.4,15.759999
GRASS,20.8,20.4,15.839999
GRASS,20.8,20.4,15.92
STONE,20.8,20.4,16.0
GRASS,20.8,20.32,16.0
STONE,20.8,20.4,16.08
GRASS,20.8,20.32,16.08
STONE,20.8,20.4,16.16
GRASS,20.8,20.32,16.16
GRASS,20.8,20.4,16.24
GRASS,20.8,20.4,16.32
GRASS,20.8,20.4,16.4
GRASS,20.8,20.4,16.48
GRASS,20.8,20.4,16.56
GRASS,20.88,20.4,15.36
GRASS,20.88,20.4,15.44
GRASS,20.88,20.4,15.5199995
GRASS,20.88,20.4,15.599999
GRASS,20.88,20.4,15.679999
GRASS,20.88,20.4,15.759999
GRASS,20.88,20.4,15.839999
GRASS,20.88,20.4,15.92
GRASS,20.88,20.4,16.0
STONE,20.88,20.4,16.08
GRASS,20.88,20.32,16.08
GRASS,20.88,20.4,16.16
GRASS,20.88,20.4,16.24
GRASS,20.88,20.4,16.32
GRASS,20.88,20.4,16.4
GRASS,20.88,20.4,16.48
GRASS,20.88,20.4,16.56
GRASS,20.96,20.4,15.36
GRASS,20.96,20.4,15.44
GRASS,20.96,20.4,15.5199995
GRASS,20.96,20.4,15.599999
GRASS,20.96,20.4,15.679999
GRASS,20.96,20.4,15.759999
GRASS,20.96,20.4,15.839999
GRASS,20.96,20.4,15.92
GRASS,20.96,20.4,16.0
GRASS,20.96,20.4,16.08
GRASS,20.96,20.4,16.16
GRASS,20.96,20.4,16.24
GRASS,20.96,20.4,16.32
GRASS,20.96,20.4,16.4
GRASS,20.96,20.4,16.48
GRASS,20.96,20.4,16.56
GRASS,21.039999,20.4,15.36
GRASS,21.039999,20.4,15.44
GRASS,21.039999,20.4,15.5199995
GRASS,21.039999,20.4,15.599999
GRASS,21.039999,20.4,15.679999
GRASS,21.039999,20.4,15.759999
GRASS,21.039999,20.4,15.839999
GRASS,21.039999,20.4,15.92
LOG,21.039999,20.32,16.0
LOG,21.039999,20.24,16.0
LOG,21.039999,20.16,16.0
LOG,21.039999,20.08,16.0
LEAF,21.039999,20.0,16.0
LEAF,20.96,20.08,16.0
LEAF,21.119999,20.08,16.0
LEAF,21.039999,20.08,15.92
LEAF,21.039999,20.08,16.08
DIRT,21.039999,20.4,16.0
GRASS,21.039999,20.4,16.08
GRASS,21.039999,20.4,16.16
GRASS,21.039999,20.4,16.24
GRASS,21.039999,20.4,16.32
GRASS,21.039999,20.4,16.4
GRASS,21.039999,20.4,16.48
GRASS,21.039999,20.4,16.56
GRASS,21.119999,20.4,15.36
GRASS,21.119999,20.4,15.44
GRASS,21.119999,20.4,15.5199995
GRASS,21.119999,20.4,15.599999
GRASS,21.119999,20.4,15.679999
GRASS,21.119999,20.4,15.759999
GRASS,21.119999,20.4,15.839999
GRASS,21.119999,20.4,15.92
GRASS,21.119999,20.4,16.0
GRASS,21.119999,20.4,16.08
GRASS,21.119999,20.4,16.16
GRASS,21.119999,20.4,16.24
GRASS,21.119999,20.4,16.32
GRASS,21.119999,20.4,16.4
GRASS,21.119999,20.4,16.48
GRASS,21.119999,20.4,16.56
GRASS,21.199999,20.4,15.36
GRASS,21.199999,20.4,15.44
GRASS,21.199999,20.4,15.5199995
GRASS,21.199999,20.4,15.599999
GRASS,21.199999,20.4,15.679999
GRASS,21.199999,20.4,15.759999
GRASS,21.199999,20.4,15.839999
GRASS,21.199999,20.4,15.92
GRASS,21.199999,20.4,16.0
GRASS,21.199999,20.4,16.08
GRASS,21.199999,20.4,16.16
GRASS,21.199999,20.4,16.24
GRASS,21.199999,20.4,16.32
GRASS,21.199999,20.4,16.4
GRASS,21.199999,20.4,16.48
GRASS,21.199999,20.4,16.56
GRASS,21.279999,20.4,15.36
GRASS,21.279999,20.4,15.44
GRASS,21.279999,20.4,15.5199995
GRASS,21.279999,20.4,15.599999
GRASS,21.279999,20.4,15.679999
STONE,21.279999,20.4,15.759999
GRASS,21.279999,20.32,15.759999
GRASS,21.279999,20.4,15.839999
GRASS,21.279999,20.4,15.92
GRASS,21.279999,20.4,16.0
GRASS,21.279999,20.4,16.08
GRASS,21.279999,20.4,16.16
GRASS,21.279999,20.4,16.24
GRASS,21.279999,20.4,16.32
GRASS,21.279999,20.4,16.4
GRASS,21.279999,20.4,16.48
GRASS,21.279999,20.4,16.56
GRASS,21.359999,20.4,15.36
GRASS,21.359999,20.4,15.44
GRASS,21.359999,20.4,15.5199995
GRASS,21.359999,20.4,15.599999
GRASS,21.359999,20.4,15.679999
GRASS,21.359999,20.4,15.759999
GRASS,21.359999,20.4,15.839999
GRASS,21.359999,20.4,15.92
GRASS,21.359999,20.4,16.0
GRASS,21.359999,20.4,16.08
GRASS,21.359999,20.4,16.16
GRASS,21.359999,20.4,16.24
GRASS,21.359999,20.4,16.32
GRASS,21.359999,20.4,16.4
GRASS,21.359999,20.4,16.48
GRASS,21.359999,20.4,16.56
GRASS,21.439999,20.4,15.36
GRASS,21.439999,20.4,15.44
GRASS,21.439999,20.4,15.5199995
GRASS,21.439999,20.4,15.599999
LOG,21.439999,20.32,15.679999
LOG,21.439999,20.24,15.679999
LOG,21.439999,20.16,15.679999
LOG,21.439999,20.08,15.679999
LEAF,21.439999,20.0,15.679999
LEAF,21.359999,20.08,15.679999
LEAF,21.519999,20.08,15.679999
LEAF,21.439999,20.08,15.599999
LEAF,21.439999,20.08,15.759999
DIRT,21.439999,20.4,15.679999
GRASS,21.439999,20.4,15.759999
GRASS,21.439999,20.4,15.839999
GRASS,21.439999,20.4,15.92
GRASS,21.439999,20.4,16.0
GRASS,21.439999,20.4,16.08
GRASS,21.439999,20.4,16.16
GRASS,21.439999,20.4,16.24
GRASS,21.439999,20.4,16.32
GRASS,21.439999,20.4,16.4
GRASS,21.439999,20.4,16.48
GRASS,21.439999,20.4,16.56
GRASS,21.52,20.4,15.36
GRASS,21.52,20.4,15.44
GRASS,21.52,20.4,15.5199995
GRASS,21.52,20.4,15.599999
GRASS,21.52,20.4,15.679999
GRASS,21.52,20.4,15.759999
GRASS,21.52,20.4,15.839999
GRASS,21.52,20.4,15.92
GRASS,21.52,20.4,16.0
GRASS,21.52,20.4,16.08
GRASS,21.52,20.4,16.16
GRASS,21.52,20.4,16.24
GRASS,21.52,20.4,16.32
GRASS,21.52,20.4,16.4
GRASS,21.52,20.4,16.48
GRASS,21.52,20.4,16.56
GRASS,21.6,20.4,15.36
GRASS,21.6,20.4,15.44
GRASS,21.6,20.4,15.5199995
GRASS,21.6,20.4,15.599999
GRASS,21.6,20.4,15.679999
GRASS,21.6,20.4,15.759999
GRASS,21.6,20.4,15.839999
GRASS,21.6,20.4,15.92
GRASS,21.6,20.4,16.0
GRASS,21.6,20.4,16.08
GRASS,21.6,20.4,16.16
GRASS,21.6,20.4,16.24
GRASS,21.6,20.4,16.32
GRASS,21.6,20.4,16.4
GRASS,21.6,20.4,16.48
GRASS,21.6,20.4,16.56
GRASS,21.68,20.4,15.36
GRASS,21.68,20.4,15.44
GRASS,21.68,20.4,15.5199995
GRASS,21.68,20.4,15.599999
GRASS,21.68,20.4,15.679999
GRASS,21.68,20.4,15.759999
GRASS,21.68,20.4,15.839999
GRASS,21.68,20.4,15.92
GRASS,21.68,20.4,16.0
GRASS,21.68,20.4,16.08
GRASS,21.68,20.4,16.16
GRASS,21.68,20.4,16.24
GRASS,21.68,20.4,16.32
GRASS,21.68,20.4,16.4
GRASS,21.68,20.4,16.48
GRASS,21.68,20.4,16.56
