GRASS,20.48,20.4,19.199999
GRASS,20.48,20.4,19.279999
GRASS,20.48,20.4,19.359999
GRASS,20.48,20.4,19.439999
GRASS,20.48,20.4,19.519999
GRASS,20.48,20.4,19.599998
GRASS,20.48,20.4,19.679998
GRASS,20.48,20.4,19.759998
STONE,20.48,20.4,19.839998
GRASS,20.48,20.32,19.839998
GRASS,20.48,20.4,19.919998
GRASS,20.48,20.4,19.999998
GRASS,20.48,20.4,20.079998
GRASS,20.48,20.4,20.159998
GRASS,20.48,20.4,20.239998
GRASS,20.48,20.4,20.32
GRASS,20.48,20.4,20.4
GRASS,20.56,20.4,19.199999
GRASS,20.56,20.4,19.279999
GRASS,20.56,20.4,19.359999
GRASS,20.56,20.4,19.439999
GRASS,20.56,20.4,19.519999
GRASS,20.56,20.4,19.599998
GRASS,20.56,20.4,19.679998
STONE,20.56,20.4,19.759998
GRASS,20.56,20.32,19.759998
STONE,20.56,20.4,19.839998
GRASS,20.56,20.32,19.839998
STONE,20.56,20.4,19.919998
GRASS,20.56,20.32,19.919998
GRASS,20.56,20.4,19.999998
GRASS,20.56,20.4,20.079998
GRASS,20.56,20.4,20.159998
GRASS,20.56,20.4,20.239998
GRASS,20.56,20.4,20.32
GRASS,20.56,20.4,20.4
GRASS,20.64,20.4,19.199999
GRASS,20.64,20.4,19.279999
GRASS,20.64,20.4,19.359999
GRASS,20.64,20.4,19.439999
GRASS,20.64,20.4,19.519999
GRASS,20.64,20.4,19.599998
GRASS,20.64,20.4,19.679998
STONE,20.64,20.4,19.759998
GRASS,20.64,20.32,19.759998
STONE,20.64,20.4,19.839998
GRASS,20.64,20.32,19.839998
GRASS,20.64,20.4,19.919998
GRASS,20.64,20.4,19.999998
GRASS,20.64,20.4,20.079998
GRASS,20.64,20.4,20.159998
GRASS,20.64,20.4,20.239998
GRASS,20.64,20.4,20.32
STONE,20.64,20.4,20.4
GRASS,20.64,20.32,20.4
GRASS,20.72,20.4,19.199999
GRASS,20.72,20.4,19.279999
GRASS,20.72,20.4,19.359999
GRASS,20.72,20.4,19.439999
GRASS,20.72,20.4,19.519999
GRASS,20.72,20.4,19.599998
GRASS,20.72,20.4,19.679998
GRASS,20.72,20.4,19.759998
GRASS,20.72,20.4,19.839998
GRASS,20.72,20.4,19.919998
GRASS,20.72,20.4,19.999998
STONE,20.72,20.4,20.079998
GRASS,20.72,20.32,20.079998
GRASS,20.72,20.4,20.159998
GRASS,20.72,20.4,20.239998
STONE,20.72,20.4,20.32
GRASS,20.72,20.32,20.32
STONE,20.72,20.4,20.4
GRASS,20.72,20.32,20.4
GRASS,20.8,20.4,19.199999
GRASS,20.8,20.4,19.279999
GRASS,20.8,20.4,19.359999
GRASS,20.8,20.4,19.439999
GRASS,20.8,20.4,19.519999
GRASS,20.8,20.4,19.599998
GRASS,20.8,20.4,19.679998
GRASS,20.8,20.4,19.759998
LOG,20.8,20.32,19.839998
LOG,20.8,20.24,19.839998
LOG,20.8,20.16,19.839998
LOG,20.8,20.08,19.839998
LEAF,20.8,20.0,19.839998
LEAF,20.72,20.08,19.839998
LEAF,20.88,20.08,19.839998
LEAF,20.8,20.08,19.759998
LEAF,20.8,20.08,19.919998
DIRT,20.8,20.4,19.839998
GRASS,20.8,20.4,19.919998
GRASS,20.8,20.4,19.999998
GRASS,20.8,20.4,20.079998
GRASS,20.8,20.4,20.159998
STONE,20.8,20.4,20.239998
GRASS,20.8,20.32,20.239998
STONE,20.8,20.4,20.32
GRASS,20.8,20.32,20.32
STONE,20.8,20.32,20.4
STONE,20.8,20.4,20.4
GRASS,20.8,20.24,20.4
GRASS,20.88,20.4,19.199999
STONE,20.88,20.4,19.279999
GRASS,20.88,20.32,19.279999
GRASS,20.88,20.4,19.359999
GRASS,20.88,20.4,19.439999
GRASS,20.88,20.4,19.519999
GRASS,20.88,20.4,19.599998
GRASS,20.88,20.4,19.679998
GRASS,20.88,20.4,19.759998
GRASS,20.88,20.4,19.839998
GRASS,20.88,20.4,19.919998
GRASS,20.88,20.4,19.999998
GRASS,20.88,20.4,20.079998
GRASS,20.88,20.4,20.159998
GRASS,20.88,20.4,20.239998
STONE,20.88,20.4,20.32
GRASS,20.88,20.32,20.32
STONE,20.88,20.4,20.4
GRASS,20.88,20.32,20.4
STONE,20.96,20.4,19.199999
GRASS,20.96,20.32,19.199999
STONE,20.96,20.4,19.279999
GRASS,20.96,20.32,19.279999
STONE,20.96,20.4,19.359999
GRASS,20.96,20.32,19.359999
GRASS,20.96,20.4,19.439999
GRASS,20.96,20.4,19.519999
GRASS,20.96,20.4,19.599998
GRASS,20.96,20.4,19.679998
GRASS,20.96,20.4,19.759998
GRASS,20.96,20.4,19.839998
GRASS,20.96,20.4,19.919998
GRASS,20.96,20.4,19.999998
GRASS,20.96,20.4,20.079998
GRASS,20.96,20.4,20.159998
GRASS,20.96,20.4,20.239998
GRASS,20.96,20.4,20.32
STONE,20.96,20.4,20.4
GRASS,20.96,20.32,20.4
GRASS,21.039999,20.4,19.199999
STONE,21.039999,20.4,19.279999
GRASS,21.039999,20.32,19.279999
GRASS,21.039999,20.4,19.359999
GRASS,21.039999,20.4,19.439999
GRASS,21.039999,20.4,19.519999
GRASS,21.039999,20.4,19.599998
GRASS,21.039999,20.4,19.679998
GRASS,21.039999,20.4,19.759998
GRASS,21.039999,20.4,19.839998
GRASS,21.039999,20.4,19.919998
GRASS,21.039999,20.4,19.999998
GRASS,21.039999,20.4,20.079998
GRASS,21.039999,20.4,20.159998
GRASS,21.039999,20.4,20.239998
GRASS,21.039999,20.4,20.32
GRASS,21.039999,20.4,20.4
GRASS,21.119999,20.4,19.199999
GRASS,21.119999,20.4,19.279999
GRASS,21.119999,20.4,19.359999
GRASS,21.119999,20.4,19.439999
GRASS,21.119999,20.4,19.519999
GRASS,21.119999,20.4,19.599998
GRASS,21.119999,20.4,19.679998
GRASS,21.119999,20.4,19.759998
GRASS,21.119999,20.4,19.839998
GRASS,21.119999,20.4,19.919998
LOG,21.119999,20.32,19.999998
LOG,21.119999,20.24,19.999998
LOG,21.119999,20.16,19.999998
LOG,21.119999,20.08,19.999998
LOG,21.119999,20.0,19.999998
LEAF,21.119999,19.92,19.999998
LEAF,21.039999,20.0,19.999998
LEAF,21.199999,20.0,19.999998
LEAF,21.119999,20.0,19.919998
LEAF,21.119999,20.0,20.079998
DIRT,21.119999,20.4,19.999998
GRASS,21.119999,20.4,20.079998
GRASS,21.119999,20.4,20.159998
GRASS,21.119999,20.4,20.239998
GRASS,21.119999,20.4,20.32
GRASS,21.119999,20.4,20.4
GRASS,21.199999,20.4,19.199999
GRASS,21.199999,20.4,19.279999
GRASS,21.199999,20.4,19.359999
GRASS,21.199999,20.4,19.439999
GRASS,21.199999,20.4,19.519999
GRASS,21.199999,20.4,19.599998
GRASS,21.199999,20.4,19.679998
GRASS,21.199999,20.4,19.759998
GRASS,21.199999,20.4,19.839998
GRASS,21.199999,20.4,19.919998
GRASS,21.199999,20.4,19.999998
GRASS,21.199999,20.4,20.079998
GRASS,21.199999,20.4,20.159998
GRASS,21.199999,20.4,20.239998
GRASS,21.199999,20.4,20.32
GRASS,21.199999,20.4,20.4
GRASS,21.279999,20.4,19.199999
GRASS,21.279999,20.4,19.279999
GRASS,21.279999,20.4,19.359999
GRASS,21.279999,20.4,19.439999
GRASS,21.279999,20.4,19.519999
GRASS,21.279999,20.4,19.599998
GRASS,21.279999,20.4,19.679998
GRASS,21.279999,20.4,19.759998
GRASS,21.279999,20.4,19.839998
STONE,21.279999,20.4,19.919998
GRASS,21.279999,20.32,19.919998
GRASS,21.279999,20.4,19.999998
GRASS,21.279999,20.4,20.079998
GRASS,21.279999,20.4,20.159998
STONE,21.279999,20.4,20.239998
GRASS,21.279999,20.32,20.239998
GRASS,21.279999,20.4,20.32
GRASS,21.279999,20.4,20.4
GRASS,21.359999,20.4,19.199999
GRASS,21.359999,20.4,19.279999
GRASS,21.359999,20.4,19.359999
GRASS,21.359999,20.4,19.439999
GRASS,21.359999,20.4,19.519999
GRASS,21.359999,20.4,19.599998
GRASS,21.359999,20.4,19.679998
GRASS,21.359999,20.4,19.759998
GRASS,21.359999,20.4,19.839998
GRASS,21.359999,20.4,19.919998
GRASS,21.359999,20.4,19.999998
GRASS,21.359999,20.4,20.079998
GRASS,21.359999,20.4,20.159998
GRASS,21.359999,20.4,20.239998
GRASS,21.359999,20.4,20.32
GRASS,21.359999,20.4,20.4
GRASS,21.439999,20.4,19.199999
GRASS,21.439999,20.4,19.279999
GRASS,21.439999,20.4,19.359999
GRASS,21.439999,20.4,19.439999
GRASS,21.439999,20.4,19.519999
GRASS,21.439999,20.4,19.599998
GRASS,21.439999,20.4,19.679998
GRASS,21.439999,20.4,19.759998
GRASS,21.439999,20.4,19.839998
STONE,21.439999,20.4,19.919998
GRASS,21.439999,20.32,19.919998
GRASS,21.439999,20.4,19.999998
GRASS,21.439999,20.4,20.079998
GRASS,21.439999,20.4,20.159998
GRASS,21.439999,20.4,20.239998
GRASS,21.439999,20.4,20.32
GRASS,21.439999,20.4,20.4
GRASS,21.52,20.4,19.199999
GRASS,21.52,20.4,19.279999
GRASS,21.52,20.4,19.359999
GRASS,21.52,20.4,19.439999
GRASS,21.52,20.4,19.519999
GRASS,21.52,20.4,19.599998
GRASS,21.52,20.4,19.679998
GRASS,21.52,20.4,19.759998
STONE,21.52,20.4,19.839998
GRASS,21.52,20.32,19.839998
STONE,21.52,20.4,19.919998
GRASS,21.52,20.32,19.919998
STONE,21.52,20.4,19.999998
GRASS,21.52,20.32,19.999998
GRASS,21.52,20.4,20.079998
GRASS,21.52,20.4,20.159998
GRASS,21.52,20.4,20.239998
GRASS,21.52,20.4,20.32
GRASS,21.52,20.4,20.4
GRASS,21.6,20.4,19.199999
GRASS,21.6,20.4,19.279999
GRASS,21.6,20.4,19.359999
GRASS,21.6,20.4,19.439999
GRASS,21.6,20.4,19.519999
GRASS,21.6,20.4,19.599998
GRASS,21.6,20.4,19.679998
STONE,21.6,20.4,19.759998
GRASS,21.6,20.32,19.759998
STONE,21.6,20.4,19.839998
GRASS,21.6,20.32,19.839998
STONE,21.6,20.32,19.919998
STONE,21.6,20.4,19.919998
GRASS,21.6,20.24,19.919998
STONE,21.6,20.4,19.999998
GRASS,21.6,20.32,19.999998
STONE,21.6,20.4,20.079998
GRASS,21.6,20.32,20.079998
GRASS,21.6,20.4,20.159998
GRASS,21.6,20.4,20.239998
GRASS,21.6,20.4,20.32
GRASS,21.6,20.4,20.4
STONE,21.68,20.32,19.199999
STONE,21.68,20.4,19.199999
GRASS,21.68,20.24,19.199999
GRASS,21.68,20.4,19.279999
GRASS,21.68,20.4,19.359999
GRASS,21.68,20.4,19.439999
GRASS,21.68,20.4,19.519999
GRASS,21.68,20.4,19.599998
GRASS,21.68,20.4,19.679998
GRASS,21.68,20.4,19.759998
STONE,21.68,20.4,19.839998
GRASS,21.68,20.32,19.839998
STONE,21.68,20.4,19.919998
GRASS,21.68,20.32,19.919998
STONE,21.68,20.4,19.999998
GRASS,21.68,20.32,19.999998
GRASS,21.68,20.4,20.079998
GRASS,21.68,20.4,20.159998
BIRCH_LOG,21.68,20.32,20.239998
BIRCH_LOG,21.68,20.24,20.239998
BIRCH_LOG,21.68,20.16,20.239998
BIRCH_LOG,21.68,20.08,20.239998
BIRCH_LOG,21.68,20.0,20.239998
LEAF,21.68,19.92,20.239998
LEAF,21.6,20.0,20.239998
LEAF,21.76,20.0,20.239998
LEAF,21.68,20.0,20.159998
LEAF,21.68,20.0,20.319998
DIRT,21.68,20.4,20.239998
GRASS,21.68,20.4,20.32
GRASS,21.68,20.4,20.4
