GRASS,20.48,20.4,17.92
GRASS,20.48,20.4,18.0
GRASS,20.48,20.4,18.08
GRASS,20.48,20.4,18.16
GRASS,20.48,20.4,18.24
GRASS,20.48,20.4,18.32
GRASS,20.48,20.4,18.4
GRASS,20.48,20.4,18.48
GRASS,20.48,20.4,18.56
GRASS,20.48,20.4,18.64
GRASS,20.48,20.4,18.72
GRASS,20.48,20.4,18.8
GRASS,20.48,20.4,18.88
GRASS,20.48,20.4,18.96
GRASS,20.48,20.4,19.04
GRASS,20.48,20.4,19.12
GRASS,20.56,20.4,17.92
GRASS,20.56,20.4,18.0
GRASS,20.56,20.4,18.08
GRASS,20.56,20.4,18.16
GRASS,20.56,20.4,18.24
GRASS,20.56,20.4,18.32
GRASS,20.56,20.4,18.4
GRASS,20.56,20.4,18.48
GRASS,20.56,20.4,18.56
GRASS,20.56,20.4,18.64
GRASS,20.56,20.4,18.72
GRASS,20.56,20.4,18.8
GRASS,20.56,20.4,18.88
GRASS,20.56,20.4,18.96
GRASS,20.56,20.4,19.04
GRASS,20.56,20.4,19.12
GRASS,20.64,20.4,17.92
GRASS,20.64,20.4,18.0
GRASS,20.64,20.4,18.08
BIRCH_LOG,20.64,20.32,18.16
BIRCH_LOG,20.64,20.24,18.16
BIRCH_LOG,20.64,20.16,18.16
BIRCH_LOG,20.64,20.08,18.16
LEAF,20.64,20.0,18.16
LEAF,20.56,20.08,18.16
LEAF,20.72,20.08,18.16
LEAF,20.64,20.08,18.08
LEAF,20.64,20.08,18.24
DIRT,20.64,20.4,18.16
GRASS,20.64,20.4,18.24
GRASS,20.64,20.4,18.32
GRASS,20.64,20.4,18.4
GRASS,20.64,20.4,18.48
GRASS,20.64,20.4,18.56
GRASS,20.64,20.4,18.64
GRASS,20.64,20.4,18.72
GRASS,20.64,20.4,18.8
GRASS,20.64,20.4,18.88
GRASS,20.64,20.4,18.96
GRASS,20.64,20.4,19.04
GRASS,20.64,20.4,19.12
GRASS,20.72,20.4,17.92
GRASS,20.72,20.4,18.0
GRASS,20.72,20.4,18.08
GRASS,20.72,20.4,18.16
GRASS,20.72,20.4,18.24
GRASS,20.72,20.4,18.32
GRASS,20.72,20.4,18.4
GRASS,20.72,20.4,18.48
GRASS,20.72,20.4,18.56
GRASS,20.72,20.4,18.64
GRASS,20.72,20.4,18.72
GRASS,20.72,20.4,18.8
GRASS,20.72,20.4,18.88
GRASS,20.72,20.4,18.96
GRASS,20.72,20.4,19.04
GRASS,20.72,20.4,19.12
GRASS,20.8,20.4,17.92
GRASS,20.8,20.4,18.0
GRASS,20.8,20.4,18.08
GRASS,20.8,20.4,18.16
GRASS,20.8,20.4,18.24
GRASS,20.8,20.4,18.32
GRASS,20.8,20.4,18.4
GRASS,20.8,20.4,18.48
GRASS,20.8,20.4,18.56
GRASS,20.8,20.4,18.64
GRASS,20.8,20.4,18.72
GRASS,20.8,20.4,18.8
GRASS,20.8,20.4,18.88
GRASS,20.8,20.4,18.96
GRASS,20.8,20.4,19.04
GRASS,20.8,20.4,19.12
GRASS,20.88,20.4,17.92
GRASS,20.88,20.4,18.0
GRASS,20.88,20.4,18.08
GRASS,20.88,20.4,18.16
GRASS,20.88,20.4,18.24
GRASS,20.88,20.4,18.32
GRASS,20.88,20.4,18.4
GRASS,20.88,20.4,18.48
GRASS,20.88,20.4,18.56
GRASS,20.88,20.4,18.64
GRASS,20.88,20.4,18.72
GRASS,20.88,20.4,18.8
GRASS,20.88,20.4,18.88
GRASS,20.88,20.4,18.96
GRASS,20.88,20.4,19.04
GRASS,20.88,20.4,19.12
GRASS,20.96,20.4,17.92
GRASS,20.96,20.4,18.0
GRASS,20.96,20.4,18.08
GRASS,20.96,20.4,18.16
GRASS,20.96,20.4,18.24
GRASS,20.96,20.4,18.32
GRASS,20.96,20.4,18.4
GRASS,20.96,20.4,18.48
GRASS,20.96,20.4,18.56
GRASS,20.96,20.4,18.64
GRASS,20.96,20.4,18.72
GRASS,20.96,20.4,18.8
GRASS,20.96,20.4,18.88
STONE,20.96,20.4,18.96
GRASS,20.96,20.32,18.96
GRASS,20.96,20.4,19.04
GRASS,20.96,20.4,19.12
GRASS,21.039999,20.4,17.92
GRASS,21.039999,20.4,18.0
GRASS,21.039999,20.4,18.08
GRASS,21.039999,20.4,18.16
GRASS,21.039999,20.4,18.24
GRASS,21.039999,20.4,18.32
GRASS,21.039999,20.4,18.4
GRASS,21.039999,20.4,18.48
GRASS,21.039999,20.4,18.56
GRASS,21.039999,20.4,18.64
GRASS,21.039999,20.4,18.72
GRASS,21.039999,20.4,18.8
GRASS,21.039999,20.4,18.88
GRASS,21.039999,20.4,18.96
GRASS,21.039999,20.4,19.04
GRASS,21.039999,20.4,19.12
GRASS,21.119999,20.4,17.92
GRASS,21.119999,20.4,18.0
GRASS,21.119999,20.4,18.08
GRASS,21.119999,20.4,18.16
GRASS,21.119999,20.4,18.24
GRASS,21.119999,20.4,18.32
GRASS,21.119999,20.4,18.4
BIRCH_LOG,21.119999,20.32,18.48
BIRCH_LOG,21.119999,20.24,18.48
BIRCH_LOG,21.119999,20.16,18.48
BIRCH_LOG,21.119999,20.08,18.48
BIRCH_LOG,21.119999,20.0,18.48
LEAF,21.119999,19.92,18.48
LEAF,21.039999,20.0,18.48
LEAF,21.199999,20.0,18.48
LEAF,21.119999,20.0,18.4
LEAF,21.119999,20.0,18.56
DIRT,21.119999,20.4,18.48
GRASS,21.119999,20.4,18.56
GRASS,21.119999,20.4,18.64
GRASS,21.119999,20.4,18.72
GRASS,21.119999,20.4,18.8
GRASS,21.119999,20.4,18.88
GRASS,21.119999,20.4,18.96
GRASS,21.119999,20.4,19.04
GRASS,21.119999,20.4,19.12
GRASS,21.199999,20.4,17.92
GRASS,21.199999,20.4,18.0
GRASS,21.199999,20.4,18.08
GRASS,21.199999,20.4,18.16
GRASS,21.199999,20.4,18.24
GRASS,21.199999,20.4,18.32
GRASS,21.199999,20.4,18.4
GRASS,21.199999,20.4,18.48
GRASS,21.199999,20.4,18.56
GRASS,21.199999,20.4,18.64
GRASS,21.199999,20.4,18.72
GRASS,21.199999,20.4,18.8
GRASS,21.199999,20.4,18.88
GRASS,21.199999,20.4,18.96
GRASS,21.199999,20.4,19.04
GRASS,21.199999,20.4,19.12
GRASS,21.279999,20.4,17.92
GRASS,21.279999,20.4,18.0
GRASS,21.279999,20.4,18.08
GRASS,21.279999,20.4,18.16
GRASS,21.279999,20.4,18.24
GRASS,21.279999,20.4,18.32
GRASS,21.279999,20.4,18.4
GRASS,21.279999,20.4,18.48
GRASS,21.279999,20.4,18.56
GRASS,21.279999,20.4,18.64
GRASS,21.279999,20.4,18.72
GRASS,21.279999,20.4,18.8
GRASS,21.279999,20.4,18.88
GRASS,21.279999,20.4,18.96
GRASS,21.279999,20.4,19.04
GRASS,21.279999,20.4,19.12
GRASS,21.359999,20.4,17.92
GRASS,21.359999,20.4,18.0
GRASS,21.359999,20.4,18.08
LOG,21.359999,20.32,18.16
LOG,21.359999,20.24,18.16
LOG,21.359999,20.16,18.16
LOG,21.359999,20.08,18.16
LEAF,21.359999,20.0,18.16
LEAF,21.279999,20.08,18.16
LEAF,21.439999,20.08,18.16
LEAF,21.359999,20.08,18.08
LEAF,21.359999,20.08,18.24
DIRT,21.359999,20.4,18.16
GRASS,21.359999,20.4,18.24
GRASS,21.359999,20.4,18.32
GRASS,21.359999,20.4,18.4
GRASS,21.359999,20.4,18.48
GRASS,21.359999,20.4,18.56
GRASS,21.359999,20.4,18.64
GRASS,21.359999,20.4,18.72
GRASS,21.359999,20.4,18.8
GRASS,21.359999,20.4,18.88
GRASS,21.359999,20.4,18.96
GRASS,21.359999,20.4,19.04
GRASS,21.359999,20.4,19.12
GRASS,21.439999,20.4,17.92
GRASS,21.439999,20.4,18.0
GRASS,21.439999,20.4,18.08
GRASS,21.439999,20.4,18.16
GRASS,21.439999,20.4,18.24
GRASS,21.439999,20.4,18.32
GRASS,21.439999,20.4,18.4
GRASS,21.439999,20.4,18.48
GRASS,21.439999,20.4,18.56
GRASS,21.439999,20.4,18.64
GRASS,21.439999,20.4,18.72
GRASS,21.439999,20.4,18.8
GRASS,21.439999,20.4,18.88
GRASS,21.439999,20.4,18.96
GRASS,21.439999,20.4,19.04
GRASS,21.439999,20.4,19.12
GRASS,21.52,20.4,17.92
GRASS,21.52,20.4,18.0
GRASS,21.52,20.4,18.08
STONE,21.52,20.4,18.16
GRASS,21.52,20.32,18.16
GRASS,21.52,20.4,18.24
GRASS,21.52,20.4,18.32
GRASS,21.52,20.4,18.4
GRASS,21.52,20.4,18.48
GRASS,21.52,20.4,18.56
GRASS,21.52,20.4,18.64
GRASS,21.52,20.4,18.72
GRASS,21.52,20.4,18.8
GRASS,21.52,20.4,18.88
GRASS,21.52,20.4,18.96
GRASS,21.52,20.4,19.04
GRASS,21.52,20.4,19.12
GRASS,21.6,20.4,17.92
GRASS,21.6,20.4,18.0
STONE,21.6,20.4,18.08
GRASS,21.6,20.32,18.08
STONE,21.6,20.4,18.16
GRASS,21.6,20.32,18.16
STONE,21.6,20.4,18.24
GRASS,21.6,20.32,18.24
GRASS,21.6,20.4,18.32
GRASS,21.6,20.4,18.4
GRASS,21.6,20.4,18.48
GRASS,21.6,20.4,18.56
GRASS,21.6,20.4,18.64
GRASS,21.6,20.4,18.72
GRASS,21.6,20.4,18.8
GRASS,21.6,20.4,18.88
GRASS,21.6,20.4,18.96
GRASS,21.6,20.4,19.04
STONE,21.6,20.32,19.12
STONE,21.6,20.4,19.12
GRASS,21.6,20.24,19.12
GRASS,21.68,20.4,17.92
STONE,21.68,20.4,18.0
GRASS,21.68,20.32,18.0
STONE,21.68,20.4,18.08
GRASS,21.68,20.32,18.08
STONE,21.68,20.32,18.16
STONE,21.68,20.4,18.16
GRASS,21.68,20.24,18.16
STONE,21.68,20.4,18.24
GRASS,21.68,20.32,18.24
STONE,21.68,20.4,18.32
GRASS,21.68,20.32,18.32
GRASS,21.68,20.4,18.4
GRASS,21.68,20.4,18.48
GRASS,21.68,20.4,18.56
GRASS,21.68,20.4,18.64
GRASS,21.68,20.4,18.72
GRASS,21.68,20.4,18.8
GRASS,21.68,20.4,18.88
GRASS,21.68,20.4,18.96
STONE,21.68,20.32,19.04
STONE,21.68,20.4,19.04
GRASS,21.68,20.24,19.04
STONE,21.68,20.32,19.12
STONE,21.68,20.4,19.12
GRASS,21.68,20.24,19.12
