GRASS,21.76,20.4,16.64
GRASS,21.76,20.4,16.72
GRASS,21.76,20.4,16.8
GRASS,21.76,20.4,16.88
GRASS,21.76,20.4,16.96
GRASS,21.76,20.4,17.039999
GRASS,21.76,20.4,17.119999
GRASS,21.76,20.4,17.199999
GRASS,21.76,20.4,17.279999
LEAF,21.84,20.0,17.359999
DIRT,21.76,20.4,17.359999
GRASS,21.76,20.4,17.439999
GRASS,21.76,20.4,17.519999
GRASS,21.76,20.4,17.599998
GRASS,21.76,20.4,17.68
GRASS,21.76,20.4,17.76
GRASS,21.76,20.4,17.84
GRASS,21.84,20.4,16.64
GRASS,21.84,20.4,16.72
GRASS,21.84,20.4,16.8
GRASS,21.84,20.4,16.88
GRASS,21.84,20.4,16.96
STONE,21.84,20.4,17.039999
GRASS,21.84,20.32,17.039999
GRASS,21.84,20.4,17.119999
GRASS,21.84,20.4,17.199999
GRASS,21.84,20.4,17.279999
GRASS,21.84,20.4,17.359999
GRASS,21.84,20.4,17.439999
GRASS,21.84,20.4,17.519999
GRASS,21.84,20.4,17.599998
GRASS,21.84,20.4,17.68
GRASS,21.84,20.4,17.76
GRASS,21.84,20.4,17.84
GRASS,21.92,20.4,16.64
GRASS,21.92,20.4,16.72
GRASS,21.92,20.4,16.8
GRASS,21.92,20.4,16.88
GRASS,21.92,20.4,16.96
GRASS,21.92,20.4,17.039999
GRASS,21.92,20.4,17.119999
GRASS,21.92,20.4,17.199999
GRASS,21.92,20.4,17.279999
GRASS,21.92,20.4,17.359999
GRASS,21.92,20.4,17.439999
GRASS,21.92,20.4,17.519999
GRASS,21.92,20.4,17.599998
GRASS,21.92,20.4,17.68
GRASS,21.92,20.4,17.76
GRASS,21.92,20.4,17.84
GRASS,22.0,20.4,16.64
GRASS,22.0,20.4,16.72
GRASS,22.0,20.4,16.8
GRASS,22.0,20.4,16.88
GRASS,22.0,20.4,16.96
GRASS,22.0,20.4,17.039999
GRASS,22.0,20.4,17.119999
GRASS,22.0,20.4,17.199999
GRASS,22.0,20.4,17.279999
GRASS,22.0,20.4,17.359999
STONE,22.0,20.4,17.439999
GRASS,22.0,20.32,17.439999
GRASS,22.0,20.4,17.519999
GRASS,22.0,20.4,17.599998
GRASS,22.0,20.4,17.68
GRASS,22.0,20.4,17.76
GRASS,22.0,20.4,17.84
GRASS,22.08,20.4,16.64
GRASS,22.08,20.4,16.72
GRASS,22.08,20.4,16.8
GRASS,22.08,20.4,16.88
GRASS,22.08,20.4,16.96
GRASS,22.08,20.4,17.039999
GRASS,22.08,20.4,17.119999
GRASS,22.08,20.4,17.199999
GRASS,22.08,20.4,17.279999
STONE,22.08,20.4,17.359999
GRASS,22.08,20.32,17.359999
STONE,22.08,20.4,17.439999
GRASS,22.08,20.32,17.439999
STONE,22.08,20.4,17.519999
GRASS,22.08,20.32,17.519999
GRASS,22.08,20.4,17.599998
STONE,22.08,20.4,17.68
GRASS,22.08,20.32,17.68
GRASS,22.08,20.4,17.76
GRASS,22.08,20.4,17.84
GRASS,22.16,20.4,16.64
GRASS,22.16,20.4,16.72
GRASS,22.16,20.4,16.8
GRASS,22.16,20.4,16.88
GRASS,22.16,20.4,16.96
GRASS,22.16,20.4,17.039999
GRASS,22.16,20.4,17.119999
GRASS,22.16,20.4,17.199999
STONE,22.16,20.4,17.279999
GRASS,22.16,20.32,17.279999
STONE,22.16,20.4,17.359999
GRASS,22.16,20.32,17.359999
STONE,22.16,20.24,17.439999
STONE,22.16,20.32,17.439999
STONE,22.16,20.4,17.439999
GRASS,22.16,20.16,17.439999
STONE,22.16,20.4,17.519999
BIRCH_LOG,22.16,20.24,17.519999
BIRCH_LOG,22.16,20.16,17.519999
BIRCH_LOG,22.16,20.08,17.519999
BIRCH_LOG,22.16,20.0,17.519999
BIRCH_LOG,22.16,19.92,17.519999
LEAF,22.16,19.84,17.519999
LEAF,22.08,19.92,17.519999
LEAF,22.24,19.92,17.519999
LEAF,22.16,19.92,17.439999
LEAF,22.16,19.92,17.599998
DIRT,22.16,20.32,17.519999
STONE,22.16,20.4,17.599998
GRASS,22.16,20.32,17.599998
STONE,22.16,20.4,17.68
GRASS,22.16,20.32,17.68
STONE,22.16,20.4,17.76
GRASS,22.16,20.32,17.76
GRASS,22.16,20.4,17.84
GRASS,22.24,20.4,16.64
GRASS,22.24,20.4,16.72
GRASS,22.24,20.4,16.8
GRASS,22.24,20.4,16.88
GRASS,22.24,20.4,16.96
GRASS,22.24,20.4,17.039999
GRASS,22.24,20.4,17.119999
GRASS,22.24,20.4,17.199999
GRASS,22.24,20.4,17.279999
STONE,22.24,20.4,17.359999
GRASS,22.24,20.32,17.359999
STONE,22.24,20.4,17.439999
GRASS,22.24,20.32,17.439999
STONE,22.24,20.4,17.519999
GRASS,22.24,20.32,17.519999
GRASS,22.24,20.4,17.599998
STONE,22.24,20.4,17.68
GRASS,22.24,20.32,17.68
GRASS,22.24,20.4,17.76
GRASS,22.24,20.4,17.84
GRASS,22.32,20.4,16.64
GRASS,22.32,20.4,16.72
GRASS,22.32,20.4,16.8
GRASS,22.32,20.4,16.88
GRASS,22.32,20.4,16.96
GRASS,22.32,20.4,17.039999
GRASS,22.32,20.4,17.119999
GRASS,22.32,20.4,17.199999
GRASS,22.32,20.4,17.279999
STONE,22.32,20.4,17.359999
GRASS,22.32,20.32,17.359999
STONE,22.32,20.4,17.439999
GRASS,22.32,20.32,17.439999
STONE,22.32,20.4,17.519999
GRASS,22.32,20.32,17.519999
GRASS,22.32,20.4,17.599998
GRASS,22.32,20.4,17.68
GRASS,22.32,20.4,17.76
LOG,22.32,20.32,17.84
LOG,22.32,20.24,17.84
LOG,22.32,20.16,17.84
LOG,22.32,20.08,17.84
LOG,22.32,20.0,17.84
LEAF,22.32,19.92,17.84
LEAF,22.24,20.0,17.84
LEAF,22.4,20.0,17.84
LEAF,22.32,20.0,17.76
LEAF,22.32,20.0,17.92
DIRT,22.32,20.4,17.84
GRASS,22.4,20.4,16.64
GRASS,22.4,20.4,16.72
GRASS,22.4,20.4,16.8
GRASS,22.4,20.4,16.88
GRASS,22.4,20.4,16.96
GRASS,22.4,20.4,17.039999
GRASS,22.4,20.4,17.119999
GRASS,22.4,20.4,17.199999
STONE,22.4,20.4,17.279999
GRASS,22.4,20.32,17.279999
STONE,22.4,20.4,17.359999
GRASS,22.4,20.32,17.359999
STONE,22.4,20.32,17.439999
STONE,22.4,20.4,17.439999
GRASS,22.4,20.24,17.439999
STONE,22.4,20.4,17.519999
GRASS,22.4,20.32,17.519999
STONE,22.4,20.4,17.599998
GRASS,22.4,20.32,17.599998
GRASS,22.4,20.4,17.68
GRASS,22.4,20.4,17.76
GRASS,22.4,20.4,17.84
GRASS,22.48,20.4,16.64
GRASS,22.48,20.4,16.72
GRASS,22.48,20.4,16.8
GRASS,22.48,20.4,16.88
GRASS,22.48,20.4,16.96
GRASS,22.48,20.4,17.039999
GRASS,22.48,20.4,17.119999
GRASS,22.48,20.4,17.199999
GRASS,22.48,20.4,17.279999
STONE,22.48,20.4,17.359999
GRASS,22.48,20.32,17.359999
STONE,22.48,20.4,17.439999
GRASS,22.48,20.32,17.439999
STONE,22.48,20.4,17.519999
GRASS,22.48,20.32,17.519999
GRASS,22.48,20.4,17.599998
GRASS,22.48,20.4,17.68
GRASS,22.48,20.4,17.76
GRASS,22.48,20.4,17.84
GRASS,22.56,20.4,16.64
GRASS,22.56,20.4,16.72
GRASS,22.56,20.4,16.8
GRASS,22.56,20.4,16.88
GRASS,22.56,20.4,16.96
GRASS,22.56,20.4,17.039999
GRASS,22.56,20.4,17.119999
GRASS,22.56,20.4,17.199999
GRASS,22.56,20.4,17.279999
GRASS,22.56,20.4,17.359999
STONE,22.56,20.4,17.439999
GRASS,22.56,20.32,17.439999
GRASS,22.56,20.4,17.519999
GRASS,22.56,20.4,17.599998
STONE,22.56,20.4,17.68
GRASS,22.56,20.32,17.68
GRASS,22.56,20.4,17.76
GRASS,22.56,20.4,17.84
GRASS,22.64,20.4,16.64
GRASS,22.64,20.4,16.72
GRASS,22.64,20.4,16.8
GRASS,22.64,20.4,16.88
GRASS,22.64,20.4,16.96
GRASS,22.64,20.4,17.039999
GRASS,22.64,20.4,17.119999
GRASS,22.64,20.4,17.199999
GRASS,22.64,20.4,17.279999
GRASS,22.64,20.4,17.359999
GRASS,22.64,20.4,17.439999
STONE,22.64,20.4,17.519999
GRASS,22.64,20.32,17.519999
STONE,22.64,20.4,17.599998
GRASS,22.64,20.32,17.599998
STONE,22.64,20.4,17.68
GRASS,22.64,20.32,17.68
STONE,22.64,20.4,17.76
GRASS,22.64,20.32,17.76
GRASS,22.64,20.4,17.84
GRASS,22.72,20.4,16.64
GRASS,22.72,20.4,16.72
GRASS,22.72,20.4,16.8
GRASS,22.72,20.4,16.88
GRASS,22.72,20.4,16.96
GRASS,22.72,20.4,17.039999
GRASS,22.72,20.4,17.119999
GRASS,22.72,20.4,17.199999
GRASS,22.72,20.4,17.279999
GRASS,22.72,20.4,17.359999
STONE,22.72,20.4,17.439999
GRASS,22.72,20.32,17.439999
STONE,22.72,20.4,17.519999
GRASS,22.72,20.32,17.519999
STONE,22.72,20.4,17.599998
GRASS,22.72,20.32,17.599998
STONE,22.72,20.32,17.68
STONE,22.72,20.4,17.68
GRASS,22.72,20.24,17.68
STONE,22.72,20.4,17.76
GRASS,22.72,20.32,17.76
STONE,22.72,20.4,17.84
GRASS,22.72,20.32,17.84
GRASS,22.8,20.4,16.64
GRASS,22.8,20.4,16.72
GRASS,22.8,20.4,16.8
GRASS,22.8,20.4,16.88
GRASS,22.8,20.4,16.96
GRASS,22.8,20.4,17.039999
GRASS,22.8,20.4,17.119999
GRASS,22.8,20.4,17.199999
GRASS,22.8,20.4,17.279999
STONE,22.8,20.4,17.359999
GRASS,22.8,20.32,17.359999
STONE,22.8,20.4,17.439999
GRASS,22.8,20.32,17.439999
STONE,22.8,20.32,17.519999
STONE,22.8,20.4,17.519999
GRASS,22.8,20.24,17.519999
STONE,22.8,20.4,17.599998
GRASS,22.8,20.32,17.599998
STONE,22.8,20.4,17.68
GRASS,22.8,20.32,17.68
STONE,22.8,20.4,17.76
GRASS,22.8,20.32,17.76
GRASS,22.8,20.4,17.84
GRASS,22.880001,20.4,16.64
GRASS,22.880001,20.4,16.72
GRASS,22.880001,20.4,16.8
GRASS,22.880001,20.4,16.88
GRASS,22.880001,20.4,16.96
GRASS,22.880001,20.4,17.039999
GRASS,22.880001,20.4,17.119999
GRASS,22.880001,20.4,17.199999
GRASS,22.880001,20.4,17.279999
GRASS,22.880001,20.4,17.359999
STONE,22.880001,20.4,17.439999
GRASS,22.880001,20.32,17.439999
STONE,22.880001,20.4,17.519999
GRASS,22.880001,20.32,17.519999
STONE,22.880001,20.4,17.599998
GRASS,22.880001,20.32,17.599998
STONE,22.880001,20.4,17.68
GRASS,22.880001,20.32,17.68
GRASS,22.880001,20.4,17.76
GRASS,22.880001,20.4,17.84
GRASS,22.960001,20.4,16.64
GRASS,22.960001,20.4,16.72
GRASS,22.960001,20.4,16.8
GRASS,22.960001,20.4,16.88
GRASS,22.960001,20.4,16.96
GRASS,22.960001,20.4,17.039999
GRASS,22.960001,20.4,17.119999
GRASS,22.960001,20.4,17.199999
GRASS,22.960001,20.4,17.279999
GRASS,22.960001,20.4,17.359999
GRASS,22.960001,20.4,17.439999
STONE,22.960001,20.4,17.519999
GRASS,22.960001,20.32,17.519999
GRASS,22.960001,20.4,17.599998
GRASS,22.960001,20.4,17.68
GRASS,22.960001,20.4,17.76
GRASS,22.960001,20.4,17.84
LEAF,22.4,20.0,17.92
