GRASS,21.76,20.4,19.199999
GRASS,21.76,20.4,19.279999
GRASS,21.76,20.4,19.359999
GRASS,21.76,20.4,19.439999
GRASS,21.76,20.4,19.519999
GRASS,21.76,20.4,19.599998
GRASS,21.76,20.4,19.679998
GRASS,21.76,20.4,19.759998
GRASS,21.76,20.4,19.839998
STONE,21.76,20.4,19.919998
GRASS,21.76,20.32,19.919998
GRASS,21.76,20.4,19.999998
GRASS,21.76,20.4,20.079998
GRASS,21.76,20.4,20.159998
GRASS,21.76,20.4,20.239998
GRASS,21.76,20.4,20.32
GRASS,21.76,20.4,20.4
GRASS,21.84,20.4,19.199999
GRASS,21.84,20.4,19.279999
GRASS,21.84,20.4,19.359999
GRASS,21.84,20.4,19.439999
GRASS,21.84,20.4,19.519999
GRASS,21.84,20.4,19.599998
GRASS,21.84,20.4,19.679998
GRASS,21.84,20.4,19.759998
STONE,21.84,20.4,19.839998
GRASS,21.84,20.32,19.839998
GRASS,21.84,20.4,19.919998
GRASS,21.84,20.4,19.999998
GRASS,21.84,20.4,20.079998
GRASS,21.84,20.4,20.159998
STONE,21.84,20.4,20.239998
GRASS,21.84,20.32,20.239998
GRASS,21.84,20.4,20.32
GRASS,21.84,20.4,20.4
GRASS,21.92,20.4,19.199999
GRASS,21.92,20.4,19.279999
GRASS,21.92,20.4,19.359999
GRASS,21.92,20.4,19.439999
GRASS,21.92,20.4,19.519999
BIRCH_LOG,21.92,20.32,19.599998
BIRCH_LOG,21.92,20.24,19.599998
BIRCH_LOG,21.92,20.16,19.599998
BIRCH_LOG,21.92,20.08,19.599998
LEAF,21.92,20.0,19.599998
LEAF,21.84,20.08,19.599998
LEAF,22.0,20.08,19.599998
LEAF,21.92,20.08,19.519999
LEAF,21.92,20.08,19.679998
DIRT,21.92,20.4,19.599998
GRASS,21.92,20.4,19.679998
STONE,21.92,20.4,19.759998
GRASS,21.92,20.32,19.759998
STONE,21.92,20.4,19.839998
GRASS,21.92,20.32,19.839998
STONE,21.92,20.4,19.919998
GRASS,21.92,20.32,19.919998
GRASS,21.92,20.4,19.999998
GRASS,21.92,20.4,20.079998
STONE,21.92,20.4,20.159998
GRASS,21.92,20.32,20.159998
STONE,21.92,20.4,20.239998
GRASS,21.92,20.32,20.239998
STONE,21.92,20.4,20.32
LOG,21.92,20.24,20.32
LOG,21.92,20.16,20.32
LOG,21.92,20.08,20.32
LOG,21.92,20.0,20.32
LEAF,21.92,19.92,20.32
LEAF,21.84,20.0,20.32
LEAF,22.0,20.0,20.32
LEAF,21.92,20.0,20.24
LEAF,21.92,20.0,20.4
DIRT,21.92,20.32,20.32
GRASS,21.92,20.4,20.4
GRASS,22.0,20.4,19.199999
GRASS,22.0,20.4,19.279999
GRASS,22.0,20.4,19.359999
GRASS,22.0,20.4,19.439999
GRASS,22.0,20.4,19.519999
GRASS,22.0,20.4,19.599998
STONE,22.0,20.4,19.679998
GRASS,22.0,20.32,19.679998
STONE,22.0,20.4,19.759998
GRASS,22.0,20.32,19.759998
STONE,22.0,20.32,19.839998
STONE,22.0,20.4,19.839998
GRASS,22.0,20.24,19.839998
STONE,22.0,20.4,19.919998
GRASS,22.0,20.32,19.919998
STONE,22.0,20.4,19.999998
GRASS,22.0,20.32,19.999998
STONE,22.0,20.4,20.079998
GRASS,22.0,20.32,20.079998
STONE,22.0,20.4,20.159998
GRASS,22.0,20.32,20.159998
STONE,22.0,20.32,20.239998
STONE,22.0,20.4,20.239998
GRASS,22.0,20.24,20.239998
STONE,22.0,20.4,20.32
GRASS,22.0,20.32,20.32
STONE,22.0,20.4,20.4
GRASS,22.0,20.32,20.4
GRASS,22.08,20.4,19.199999
GRASS,22.08,20.4,19.279999
BIRCH_LOG,22.08,20.32,19.359999
BIRCH_LOG,22.08,20.24,19.359999
BIRCH_LOG,22.08,20.16,19.359999
BIRCH_LOG,22.08,20.08,19.359999
BIRCH_LOG,22.08,20.0,19.359999
LEAF,22.08,19.92,19.359999
LEAF,22.0,20.0,19.359999
LEAF,22.16,20.0,19.359999
LEAF,22.08,20.0,19.279999
LEAF,22.08,20.0,19.439999
DIRT,22.08,20.4,19.359999
GRASS,22.08,20.4,19.439999
GRASS,22.08,20.4,19.519999
GRASS,22.08,20.4,19.599998
GRASS,22.08,20.4,19.679998
STONE,22.08,20.4,19.759998
GRASS,22.08,20.32,19.759998
STONE,22.08,20.4,19.839998
GRASS,22.08,20.32,19.839998
STONE,22.08,20.4,19.919998
GRASS,22.08,20.32,19.919998
GRASS,22.08,20.4,19.999998
GRASS,22.08,20.4,20.079998
STONE,22.08,20.4,20.159998
GRASS,22.08,20.32,20.159998
STONE,22.08,20.4,20.239998
GRASS,22.08,20.32,20.239998
STONE,22.08,20.4,20.32
GRASS,22.08,20.32,20.32
GRASS,22.08,20.4,20.4
GRASS,22.16,20.4,19.199999
GRASS,22.16,20.4,19.279999
GRASS,22.16,20.4,19.359999
GRASS,22.16,20.4,19.439999
GRASS,22.16,20.4,19.519999
GRASS,22.16,20.4,19.599998
GRASS,22.16,20.4,19.679998
GRASS,22.16,20.4,19.759998
STONE,22.16,20.4,19.839998
GRASS,22.16,20.32,19.839998
GRASS,22.16,20.4,19.919998
GRASS,22.16,20.4,19.999998
GRASS,22.16,20.4,20.079998
GRASS,22.16,20.4,20.159998
STONE,22.16,20.4,20.239998
GRASS,22.16,20.32,20.239998
GRASS,22.16,20.4,20.32
GRASS,22.16,20.4,20.4
GRASS,22.24,20.4,19.199999
GRASS,22.24,20.4,19.279999
GRASS,22.24,20.4,19.359999
GRASS,22.24,20.4,19.439999
GRASS,22.24,20.4,19.519999
GRASS,22.24,20.4,19.599998
GRASS,22.24,20.4,19.679998
GRASS,22.24,20.4,19.759998
GRASS,22.24,20.4,19.839998
GRASS,22.24,20.4,19.919998
GRASS,22.24,20.4,19.999998
GRASS,22.24,20.4,20.079998
GRASS,22.24,20.4,20.159998
GRASS,22.24,20.4,20.239998
GRASS,22.24,20.4,20.32
GRASS,22.24,20.4,20.4
GRASS,22.32,20.4,19.199999
GRASS,22.32,20.4,19.279999
GRASS,22.32,20.4,19.359999
GRASS,22.32,20.4,19.439999
GRASS,22.32,20.4,19.519999
GRASS,22.32,20.4,19.599998
GRASS,22.32,20.4,19.679998
GRASS,22.32,20.4,19.759998
GRASS,22.32,20.4,19.839998
GRASS,22.32,20.4,19.919998
GRASS,22.32,20.4,19.999998
GRASS,22.32,20.4,20.079998
BIRCH_LOG,22.32,20.32,20.159998
BIRCH_LOG,22.32,20.24,20.159998
BIRCH_LOG,22.32,20.16,20.159998
BIRCH_LOG,22.32,20.08,20.159998
LEAF,22.32,20.0,20.159998
LEAF,22.24,20.08,20.159998
LEAF,22.4,20.08,20.159998
LEAF,22.32,20.08,20.079998
LEAF,22.32,20.08,20.239998
DIRT,22.32,20.4,20.159998
GRASS,22.32,20.4,20.239998
GRASS,22.32,20.4,20.32
GRASS,22.32,20.4,20.4
GRASS,22.4,20.4,19.199999
GRASS,22.4,20.4,19.279999
GRASS,22.4,20.4,19.359999
GRASS,22.4,20.4,19.439999
GRASS,22.4,20.4,19.519999
GRASS,22.4,20.4,19.599998
GRASS,22.4,20.4,19.679998
GRASS,22.4,20.4,19.759998
GRASS,22.4,20.4,19.839998
GRASS,22.4,20.4,19.919998
GRASS,22.4,20.4,19.999998
GRASS,22.4,20.4,20.079998
GRASS,22.4,20.4,20.159998
GRASS,22.4,20.4,20.239998
GRASS,22.4,20.4,20.32
GRASS,22.4,20.4,20.4
GRASS,22.48,20.4,19.199999
STONE,22.48,20.4,19.279999
GRASS,22.48,20.32,19.279999
GRASS,22.48,20.4,19.359999
STONE,22.48,20.32,19.439999
STONE,22.48,20.4,19.439999
GRASS,22.48,20.24,19.439999
GRASS,22.48,20.4,19.519999
STONE,22.48,20.4,19.599998
GRASS,22.48,20.32,19.599998
GRASS,22.48,20.4,19.679998
GRASS,22.48,20.4,19.759998
GRASS,22.48,20.4,19.839998
GRASS,22.48,20.4,19.919998
GRASS,22.48,20.4,19.999998
GRASS,22.48,20.4,20.079998
GRASS,22.48,20.4,20.159998
GRASS,22.48,20.4,20.239998
GRASS,22.48,20.4,20.32
GRASS,22.48,20.4,20.4
STONE,22.56,20.4,19.199999
GRASS,22.56,20.32,19.199999
STONE,22.56,20.4,19.279999
GRASS,22.56,20.32,19.279999
STONE,22.56,20.32,19.359999
STONE,22.56,20.4,19.359999
GRASS,22.56,20.24,19.359999
STONE,22.56,20.32,19.439999
STONE,22.56,20.4,19.439999
GRASS,22.56,20.24,19.439999
STONE,22.56,20.4,19.519999
GRASS,22.56,20.32,19.519999
STONE,22.56,20.4,19.599998
GRASS,22.56,20.32,19.599998
STONE,22.56,20.4,19.679998
GRASS,22.56,20.32,19.679998
GRASS,22.56,20.4,19.759998
GRASS,22.56,20.4,19.839998
GRASS,22.56,20.4,19.919998
GRASS,22.56,20.4,19.999998
GRASS,22.56,20.4,20.079998
GRASS,22.56,20.4,20.159998
GRASS,22.56,20.4,20.239998
GRASS,22.56,20.4,20.32
GRASS,22.56,20.4,20.4
GRASS,22.64,20.4,19.199999
STONE,22.64,20.4,19.279999
GRASS,22.64,20.32,19.279999
GRASS,22.64,20.4,19.359999
STONE,22.64,20.4,19.439999
GRASS,22.64,20.32,19.439999
STONE,22.64,20.4,19.519999
GRASS,22.64,20.32,19.519999
STONE,22.64,20.32,19.599998
STONE,22.64,20.4,19.599998
GRASS,22.64,20.24,19.599998
STONE,22.64,20.4,19.679998
GRASS,22.64,20.32,19.679998
STONE,22.64,20.4,19.759998
GRASS,22.64,20.32,19.759998
GRASS,22.64,20.4,19.839998
GRASS,22.64,20.4,19.919998
GRASS,22.64,20.4,19.999998
GRASS,22.64,20.4,20.079998
GRASS,22.64,20.4,20.159998
GRASS,22.64,20.4,20.239998
GRASS,22.64,20.4,20.32
GRASS,22.64,20.4,20.4
GRASS,22.72,20.4,19.199999
GRASS,22.72,20.4,19.279999
GRASS,22.72,20.4,19.359999
STONE,22.72,20.4,19.439999
GRASS,22.72,20.32,19.439999
STONE,22.72,20.4,19.519999
GRASS,22.72,20.32,19.519999
STONE,22.72,20.4,19.599998
GRASS,22.72,20.32,19.599998
STONE,22.72,20.4,19.679998
GRASS,22.72,20.32,19.679998
GRASS,22.72,20.4,19.759998
GRASS,22.72,20.4,19.839998
GRASS,22.72,20.4,19.919998
GRASS,22.72,20.4,19.999998
GRASS,22.72,20.4,20.079998
GRASS,22.72,20.4,20.159998
STONE,22.72,20.4,20.239998
GRASS,22.72,20.32,20.239998
GRASS,22.72,20.4,20.32
GRASS,22.72,20.4,20.4
GRASS,22.8,20.4,19.199999
GRASS,22.8,20.4,19.279999
GRASS,22.8,20.4,19.359999
GRASS,22.8,20.4,19.439999
STONE,22.8,20.4,19.519999
GRASS,22.8,20.32,19.519999
STONE,22.8,20.4,19.599998
GRASS,22.8,20.32,19.599998
GRASS,22.8,20.4,19.679998
GRASS,22.8,20.4,19.759998
GRASS,22.8,20.4,19.839998
GRASS,22.8,20.4,19.919998
GRASS,22.8,20.4,19.999998
GRASS,22.8,20.4,20.079998
STONE,22.8,20.4,20.159998
GRASS,22.8,20.32,20.159998
STONE,22.8,20.4,20.239998
GRASS,22.8,20.32,20.239998
STONE,22.8,20.4,20.32
GRASS,22.8,20.32,20.32
GRASS,22.8,20.4,20.4
GRASS,22.880001,20.4,19.199999
GRASS,22.880001,20.4,19.279999
GRASS,22.880001,20.4,19.359999
GRASS,22.880001,20.4,19.439999
GRASS,22.880001,20.4,19.519999
GRASS,22.880001,20.4,19.599998
GRASS,22.880001,20.4,19.679998
GRASS,22.880001,20.4,19.759998
GRASS,22.880001,20.4,19.839998
GRASS,22.880001,20.4,19.919998
GRASS,22.880001,20.4,19.999998
STONE,22.880001,20.4,20.079998
GRASS,22.880001,20.32,20.079998
STONE,22.880001,20.4,20.159998
GRASS,22.880001,20.32,20.159998
STONE,22.880001,20.32,20.239998
STONE,22.880001,20.4,20.239998
GRASS,22.880001,20.24,20.239998
STONE,22.880001,20.4,20.32
GRASS,22.880001,20.32,20.32
STONE,22.880001,20.4,20.4
GRASS,22.880001,20.32,20.4
GRASS,22.960001,20.4,19.199999
GRASS,22.960001,20.4,19.279999
GRASS,22.960001,20.4,19.359999
GRASS,22.960001,20.4,19.439999
GRASS,22.960001,20.4,19.519999
GRASS,22.960001,20.4,19.599998
GRASS,22.960001,20.4,19.679998
GRASS,22.960001,20.4,19.759998
GRASS,22.960001,20.4,19.839998
GRASS,22.960001,20.4,19.919998
GRASS,22.960001,20.4,19.999998
GRASS,22.960001,20.4,20.079998
STONE,22.960001,20.4,20.159998
GRASS,22.960001,20.32,20.159998
STONE,22.960001,20.4,20.239998
GRASS,22.960001,20.32,20.239998
STONE,22.960001,20.4,20.32
GRASS,22.960001,20.32,20.32
STONE,22.960001,20.4,20.4
GRASS,22.960001,20.32,20.4
