GRASS,23.039999,20.4,19.199999
GRASS,23.039999,20.4,19.279999
GRASS,23.039999,20.4,19.359999
GRASS,23.039999,20.4,19.439999
GRASS,23.039999,20.4,19.519999
GRASS,23.039999,20.4,19.599998
GRASS,23.039999,20.4,19.679998
GRASS,23.039999,20.4,19.759998
GRASS,23.039999,20.4,19.839998
GRASS,23.039999,20.4,19.919998
GRASS,23.039999,20.4,19.999998
GRASS,23.039999,20.4,20.079998
GRASS,23.039999,20.4,20.159998
STONE,23.039999,20.4,20.239998
GRASS,23.039999,20.32,20.239998
STONE,23.039999,20.4,20.32
GRASS,23.039999,20.32,20.32
STONE,23.039999,20.4,20.4
GRASS,23.039999,20.32,20.4
STONE,23.119999,20.4,19.199999
GRASS,23.119999,20.32,19.199999
GRASS,23.119999,20.4,19.279999
GRASS,23.119999,20.4,19.359999
GRASS,23.119999,20.4,19.439999
GRASS,23.119999,20.4,19.519999
GRASS,23.119999,20.4,19.599998
GRASS,23.119999,20.4,19.679998
GRASS,23.119999,20.4,19.759998
GRASS,23.119999,20.4,19.839998
GRASS,23.119999,20.4,19.919998
GRASS,23.119999,20.4,19.999998
GRASS,23.119999,20.4,20.079998
STONE,23.119999,20.4,20.159998
GRASS,23.119999,20.32,20.159998
STONE,23.119999,20.32,20.239998
STONE,23.119999,20.4,20.239998
GRASS,23.119999,20.24,20.239998
STONE,23.119999,20.32,20.32
STONE,23.119999,20.4,20.32
GRASS,23.119999,20.24,20.32
STONE,23.119999,20.32,20.4
STONE,23.119999,20.4,20.4
GRASS,23.119999,20.24,20.4
GRASS,23.199999,20.4,19.199999
GRASS,23.199999,20.4,19.279999
GRASS,23.199999,20.4,19.359999
GRASS,23.199999,20.4,19.439999
GRASS,23.199999,20.4,19.519999
GRASS,23.199999,20.4,19.599998
GRASS,23.199999,20.4,19.679998
GRASS,23.199999,20.4,19.759998
GRASS,23.199999,20.4,19.839998
GRASS,23.199999,20.4,19.919998
GRASS,23.199999,20.4,19.999998
STONE,23.199999,20.4,20.079998
GRASS,23.199999,20.32,20.079998
STONE,23.199999,20.32,20.159998
STONE,23.199999,20.4,20.159998
GRASS,23.199999,20.24,20.159998
STONE,23.199999,20.32,20.239998
STONE,23.199999,20.4,20.239998
GRASS,23.199999,20.24,20.239998
STONE,23.199999,20.24,20.32
STONE,23.199999,20.32,20.32
STONE,23.199999,20.4,20.32
GRASS,23.199999,20.16,20.32
STONE,23.199999,20.24,20.4
STONE,23.199999,20.32,20.4
STONE,23.199999,20.4,20.4
GRASS,23.199999,20.16,20.4
STONE,23.279999,20.4,19.199999
GRASS,23.279999,20.32,19.199999
GRASS,23.279999,20.4,19.279999
GRASS,23.279999,20.4,19.359999
GRASS,23.279999,20.4,19.439999
GRASS,23.279999,20.4,19.519999
GRASS,23.279999,20.4,19.599998
GRASS,23.279999,20.4,19.679998
GRASS,23.279999,20.4,19.759998
GRASS,23.279999,20.4,19.839998
GRASS,23.279999,20.4,19.919998
GRASS,23.279999,20.4,19.999998
STONE,23.279999,20.4,20.079998
GRASS,23.279999,20.32,20.079998
STONE,23.279999,20.32,20.159998
STONE,23.279999,20.4,20.159998
GRASS,23.279999,20.24,20.159998
STONE,23.279999,20.24,20.239998
STONE,23.279999,20.32,20.239998
STONE,23.279999,20.4,20.239998
GRASS,23.279999,20.16,20.239998
STONE,23.279999,20.16,20.32
STONE,23.279999,20.24,20.32
STONE,23.279999,20.32,20.32
STONE,23.279999,20.4,20.32
GRASS,23.279999,20.08,20.32
STONE,23.279999,20.16,20.4
STONE,23.279999,20.24,20.4
STONE,23.279999,20.32,20.4
STONE,23.279999,20.4,20.4
GRASS,23.279999,20.08,20.4
GRASS,23.359999,20.4,19.199999
GRASS,23.359999,20.4,19.279999
GRASS,23.359999,20.4,19.359999
GRASS,23.359999,20.4,19.439999
GRASS,23.359999,20.4,19.519999
GRASS,23.359999,20.4,19.599998
GRASS,23.359999,20.4,19.679998
GRASS,23.359999,20.4,19.759998
GRASS,23.359999,20.4,19.839998
GRASS,23.359999,20.4,19.919998
STONE,23.359999,20.4,19.999998
GRASS,23.359999,20.32,19.999998
STONE,23.359999,20.4,20.079998
GRASS,23.359999,20.32,20.079998
STONE,23.359999,20.32,20.159998
STONE,23.359999,20.4,20.159998
GRASS,23.359999,20.24,20.159998
STONE,23.359999,20.24,20.239998
STONE,23.359999,20.32,20.239998
STONE,23.359999,20.4,20.239998
GRASS,23.359999,20.16,20.239998
STONE,23.359999,20.16,20.32
STONE,23.359999,20.24,20.32
STONE,23.359999,20.32,20.32
STONE,23.359999,20.4,20.32
GRASS,23.359999,20.08,20.32
STONE,23.359999,20.08,20.4
STONE,23.359999,20.16,20.4
STONE,23.359999,20.24,20.4
STONE,23.359999,20.32,20.4
STONE,23.359999,20.4,20.4
GRASS,23.359999,20.0,20.4
GRASS,23.439999,20.4,19.199999
GRASS,23.439999,20.4,19.279999
GRASS,23.439999,20.4,19.359999
GRASS,23.439999,20.4,19.439999
GRASS,23.439999,20.4,19.519999
GRASS,23.439999,20.4,19.599998
GRASS,23.439999,20.4,19.679998
GRASS,23.439999,20.4,19.759998
GRASS,23.439999,20.4,19.839998
GRASS,23.439999,20.4,19.919998
GRASS,23.439999,20.4,19.999998
STONE,23.439999,20.4,20.079998
GRASS,23.439999,20.32,20.079998
STONE,23.439999,20.32,20.159998
STONE,23.439999,20.4,20.159998
GRASS,23.439999,20.24,20.159998
STONE,23.439999,20.24,20.239998
STONE,23.439999,20.32,20.239998
STONE,23.439999,20.4,20.239998
GRASS,23.439999,20.16,20.239998
STONE,23.439999,20.16,20.32
STONE,23.439999,20.24,20.32
STONE,23.439999,20.32,20.32
STONE,23.439999,20.4,20.32
GRASS,23.439999,20.08,20.32
STONE,23.439999,20.16,20.4
STONE,23.439999,20.24,20.4
STONE,23.439999,20.32,20.4
STONE,23.439999,20.4,20.4
GRASS,23.439999,20.08,20.4
GRASS,23.519999,20.4,19.199999
GRASS,23.519999,20.4,19.279999
GRASS,23.519999,20.4,19.359999
GRASS,23.519999,20.4,19.439999
GRASS,23.519999,20.4,19.519999
GRASS,23.519999,20.4,19.599998
GRASS,23.519999,20.4,19.679998
GRASS,23.519999,20.4,19.759998
GRASS,23.519999,20.4,19.839998
GRASS,23.519999,20.4,19.919998
GRASS,23.519999,20.4,19.999998
STONE,23.519999,20.4,20.079998
GRASS,23.519999,20.32,20.079998
STONE,23.519999,20.32,20.159998
STONE,23.519999,20.4,20.159998
GRASS,23.519999,20.24,20.159998
STONE,23.519999,20.32,20.239998
STONE,23.519999,20.4,20.239998
GRASS,23.519999,20.24,20.239998
STONE,23.519999,20.24,20.32
STONE,23.519999,20.32,20.32
STONE,23.519999,20.4,20.32
GRASS,23.519999,20.16,20.32
STONE,23.519999,20.24,20.4
STONE,23.519999,20.32,20.4
STONE,23.519999,20.4,20.4
GRASS,23.519999,20.16,20.4
GRASS,23.599998,20.4,19.199999
GRASS,23.599998,20.4,19.279999
GRASS,23.599998,20.4,19.359999
GRASS,23.599998,20.4,19.439999
GRASS,23.599998,20.4,19.519999
GRASS,23.599998,20.4,19.599998
GRASS,23.599998,20.4,19.679998
GRASS,23.599998,20.4,19.759998
GRASS,23.599998,20.4,19.839998
GRASS,23.599998,20.4,19.919998
GRASS,23.599998,20.4,19.999998
GRASS,23.599998,20.4,20.079998
STONE,23.599998,20.4,20.159998
GRASS,23.599998,20.32,20.159998
STONE,23.599998,20.32,20.239998
STONE,23.599998,20.4,20.239998
GRASS,23.599998,20.24,20.239998
STONE,23.599998,20.32,20.32
STONE,23.599998,20.4,20.32
GRASS,23.599998,20.24,20.32
STONE,23.599998,20.32,20.4
STONE,23.599998,20.4,20.4
GRASS,23.599998,20.24,20.4
GRASS,23.679998,20.4,19.199999
GRASS,23.679998,20.4,19.279999
GRASS,23.679998,20.4,19.359999
GRASS,23.679998,20.4,19.439999
GRASS,23.679998,20.4,19.519999
GRASS,23.679998,20.4,19.599998
GRASS,23.679998,20.4,19.679998
GRASS,23.679998,20.4,19.759998
GRASS,23.679998,20.4,19.839998
GRASS,23.679998,20.4,19.919998
GRASS,23.679998,20.4,19.999998
GRASS,23.679998,20.4,20.079998
GRASS,23.679998,20.4,20.159998
STONE,23.679998,20.4,20.239998
GRASS,23.679998,20.32,20.239998
STONE,23.679998,20.4,20.32
GRASS,23.679998,20.32,20.32
STONE,23.679998,20.4,20.4
GRASS,23.679998,20.32,20.4
GRASS,23.759998,20.4,19.199999
GRASS,23.759998,20.4,19.279999
GRASS,23.759998,20.4,19.359999
GRASS,23.759998,20.4,19.439999
GRASS,23.759998,20.4,19.519999
GRASS,23.759998,20.4,19.599998
GRASS,23.759998,20.4,19.679998
GRASS,23.759998,20.4,19.759998
GRASS,23.759998,20.4,19.839998
GRASS,23.759998,20.4,19.919998
GRASS,23.759998,20.4,19.999998
GRASS,23.759998,20.4,20.079998
GRASS,23.759998,20.4,20.159998
GRASS,23.759998,20.4,20.239998
GRASS,23.759998,20.4,20.32
STONE,23.759998,20.4,20.4
GRASS,23.759998,20.32,20.4
GRASS,23.839998,20.4,19.199999
GRASS,23.839998,20.4,19.279999
GRASS,23.839998,20.4,19.359999
GRASS,23.839998,20.4,19.439999
GRASS,23.839998,20.4,19.519999
GRASS,23.839998,20.4,19.599998
GRASS,23.839998,20.4,19.679998
GRASS,23.839998,20.4,19.759998
GRASS,23.839998,20.4,19.839998
GRASS,23.839998,20.4,19.919998
GRASS,23.839998,20.4,19.999998
GRASS,23.839998,20.4,20.079998
GRASS,23.839998,20.4,20.159998
GRASS,23.839998,20.4,20.239998
GRASS,23.839998,20.4,20.32
GRASS,23.839998,20.4,20.4
GRASS,23.919998,20.4,19.199999
GRASS,23.919998,20.4,19.279999
GRASS,23.919998,20.4,19.359999
GRASS,23.919998,20.4,19.439999
GRASS,23.919998,20.4,19.519999
GRASS,23.919998,20.4,19.599998
GRASS,23.919998,20.4,19.679998
GRASS,23.919998,20.4,19.759998
GRASS,23.919998,20.4,19.839998
GRASS,23.919998,20.4,19.919998
GRASS,23.919998,20.4,19.999998
GRASS,23.919998,20.4,20.079998
GRASS,23.919998,20.4,20.159998
GRASS,23.919998,20.4,20.239998
GRASS,23.919998,20.4,20.32
GRASS,23.919998,20.4,20.4
GRASS,23.999998,20.4,19.199999
GRASS,23.999998,20.4,19.279999
GRASS,23.999998,20.4,19.359999
GRASS,23.999998,20.4,19.439999
GRASS,23.999998,20.4,19.519999
GRASS,23.999998,20.4,19.599998
GRASS,23.999998,20.4,19.679998
GRASS,23.999998,20.4,19.759998
GRASS,23.999998,20.4,19.839998
GRASS,23.999998,20.4,19.919998
LOG,23.999998,20.32,19.999998
LOG,23.999998,20.24,19.999998
LOG,23.999998,20.16,19.999998
LOG,23.999998,20.08,19.999998
LOG,23.999998,20.0,19.999998
LEAF,23.999998,19.92,19.999998
LEAF,23.919998,20.0,19.999998
LEAF,24.079998,20.0,19.999998
LEAF,23.999998,20.0,19.919998
LEAF,23.999998,20.0,20.079998
DIRT,23.999998,20.4,19.999998
GRASS,23.999998,20.4,20.079998
GRASS,23.999998,20.4,20.159998
GRASS,23.999998,20.4,20.239998
GRASS,23.999998,20.4,20.32
GRASS,23.999998,20.4,20.4
GRASS,24.079998,20.4,19.199999
GRASS,24.079998,20.4,19.279999
GRASS,24.079998,20.4,19.359999
GRASS,24.079998,20.4,19.439999
GRASS,24.079998,20.4,19.519999
GRASS,24.079998,20.4,19.599998
GRASS,24.079998,20.4,19.679998
GRASS,24.079998,20.4,19.759998
BIRCH_LOG,24.079998,20.32,19.839998
BIRCH_LOG,24.079998,20.24,19.839998
BIRCH_LOG,24.079998,20.16,19.839998
BIRCH_LOG,24.079998,20.08,19.839998
LEAF,24.079998,20.0,19.839998
LEAF,23.999998,20.08,19.839998
LEAF,24.159998,20.08,19.839998
LEAF,24.079998,20.08,19.759998
LEAF,24.079998,20.08,19.919998
DIRT,24.079998,20.4,19.839998
GRASS,24.079998,20.4,19.919998
GRASS,24.079998,20.4,19.999998
GRASS,24.079998,20.4,20.079998
GRASS,24.079998,20.4,20.159998
GRASS,24.079998,20.4,20.239998
GRASS,24.079998,20.4,20.32
GRASS,24.079998,20.4,20.4
GRASS,24.16,20.4,19.199999
GRASS,24.16,20.4,19.279999
GRASS,24.16,20.4,19.359999
GRASS,24.16,20.4,19.439999
GRASS,24.16,20.4,19.519999
GRASS,24.16,20.4,19.599998
GRASS,24.16,20.4,19.679998
GRASS,24.16,20.4,19.759998
GRASS,24.16,20.4,19.839998
GRASS,24.16,20.4,19.919998
GRASS,24.16,20.4,19.999998
GRASS,24.16,20.4,20.079998
GRASS,24.16,20.4,20.159998
GRASS,24.16,20.4,20.239998
GRASS,24.16,20.4,20.32
GRASS,24.16,20.4,20.4
GRASS,24.24,20.4,19.199999
GRASS,24.24,20.4,19.279999
GRASS,24.24,20.4,19.359999
GRASS,24.24,20.4,19.439999
GRASS,24.24,20.4,19.519999
GRASS,24.24,20.4,19.599998
GRASS,24.24,20.4,19.679998
GRASS,24.24,20.4,19.759998
GRASS,24.24,20.4,19.839998
GRASS,24.24,20.4,19.919998
GRASS,24.24,20.4,19.999998
GRASS,24.24,20.4,20.079998
GRASS,24.24,20.4,20.159998
GRASS,24.24,20.4,20.239998
GRASS,24.24,20.4,20.32
GRASS,24.24,20.4,20.4
