GRASS,24.32,20.4,19.199999
GRASS,24.32,20.4,19.279999
GRASS,24.32,20.4,19.359999
GRASS,24.32,20.4,19.439999
GRASS,24.32,20.4,19.519999
GRASS,24.32,20.4,19.599998
GRASS,24.32,20.4,19.679998
GRASS,24.32,20.4,19.759998
GRASS,24.32,20.4,19.839998
GRASS,24.32,20.4,19.919998
GRASS,24.32,20.4,19.999998
GRASS,24.32,20.4,20.079998
GRASS,24.32,20.4,20.159998
GRASS,24.32,20.4,20.239998
GRASS,24.32,20.4,20.32
GRASS,24.32,20.4,20.4
GRASS,24.4,20.4,19.199999
GRASS,24.4,20.4,19.279999
GRASS,24.4,20.4,19.359999
GRASS,24.4,20.4,19.439999
GRASS,24.4,20.4,19.519999
GRASS,24.4,20.4,19.599998
GRASS,24.4,20.4,19.679998
GRASS,24.4,20.4,19.759998
GRASS,24.4,20.4,19.839998
GRASS,24.4,20.4,19.919998
GRASS,24.4,20.4,19.999998
GRASS,24.4,20.4,20.079998
GRASS,24.4,20.4,20.159998
GRASS,24.4,20.4,20.239998
GRASS,24.4,20.4,20.32
GRASS,24.4,20.4,20.4
GRASS,24.48,20.4,19.199999
GRASS,24.48,20.4,19.279999
GRASS,24.48,20.4,19.359999
GRASS,24.48,20.4,19.439999
GRASS,24.48,20.4,19.519999
BIRCH_LOG,24.48,20.32,19.599998
BIRCH_LOG,24.48,20.24,19.599998
BIRCH_LOG,24.48,20.16,19.599998
BIRCH_LOG,24.48,20.08,19.599998
BIRCH_LOG,24.48,20.0,19.599998
LEAF,24.48,19.92,19.599998
LEAF,24.4,20.0,19.599998
LEAF,24.56,20.0,19.599998
LEAF,24.48,20.0,19.519999
LEAF,24.48,20.0,19.679998
DIRT,24.48,20.4,19.599998
GRASS,24.48,20.4,19.679998
GRASS,24.48,20.4,19.759998
GRASS,24.48,20.4,19.839998
GRASS,24.48,20.4,19.919998
GRASS,24.48,20.4,19.999998
GRASS,24.48,20.4,20.079998
GRASS,24.48,20.4,20.159998
GRASS,24.48,20.4,20.239998
GRASS,24.48,20.4,20.32
GRASS,24.48,20.4,20.4
GRASS,24.56,20.4,19.199999
GRASS,24.56,20.4,19.279999
GRASS,24.56,20.4,19.359999
GRASS,24.56,20.4,19.439999
GRASS,24.56,20.4,19.519999
GRASS,24.56,20.4,19.599998
GRASS,24.56,20.4,19.679998
GRASS,24.56,20.4,19.759998
GRASS,24.56,20.4,19.839998
GRASS,24.56,20.4,19.919998
GRASS,24.56,20.4,19.999998
GRASS,24.56,20.4,20.079998
GRASS,24.56,20.4,20.159998
GRASS,24.56,20.4,20.239998
GRASS,24.56,20.4,20.32
GRASS,24.56,20.4,20.4
STONE,24.64,20.4,19.199999
GRASS,24.64,20.32,19.199999
GRASS,24.64,20.4,19.279999
GRASS,24.64,20.4,19.359999
GRASS,24.64,20.4,19.439999
GRASS,24.64,20.4,19.519999
GRASS,24.64,20.4,19.599998
GRASS,24.64,20.4,19.679998
GRASS,24.64,20.4,19.759998
GRASS,24.64,20.4,19.839998
GRASS,24.64,20.4,19.919998
GRASS,24.64,20.4,19.999998
GRASS,24.64,20.4,20.079998
GRASS,24.64,20.4,20.159998
GRASS,24.64,20.4,20.239998
GRASS,24.64,20.4,20.32
GRASS,24.64,20.4,20.4
STONE,24.72,20.4,19.199999
GRASS,24.72,20.32,19.199999
STONE,24.72,20.4,19.279999
GRASS,24.72,20.32,19.279999
GRASS,24.72,20.4,19.359999
GRASS,24.72,20.4,19.439999
GRASS,24.72,20.4,19.519999
GRASS,24.72,20.4,19.599998
GRASS,24.72,20.4,19.679998
GRASS,24.72,20.4,19.759998
GRASS,24.72,20.4,19.839998
GRASS,24.72,20.4,19.919998
GRASS,24.72,20.4,19.999998
GRASS,24.72,20.4,20.079998
GRASS,24.72,20.4,20.159998
STONE,24.72,20.4,20.239998
GRASS,24.72,20.32,20.239998
GRASS,24.72,20.4,20.32
GRASS,24.72,20.4,20.4
STONE,24.8,20.32,19.199999
STONE,24.8,20.4,19.199999
GRASS,24.8,20.24,19.199999
STONE,24.8,20.4,19.279999
GRASS,24.8,20.32,19.279999
STONE,24.8,20.4,19.359999
GRASS,24.8,20.32,19.359999
GRASS,24.8,20.4,19.439999
GRASS,24.8,20.4,19.519999
GRASS,24.8,20.4,19.599998
GRASS,24.8,20.4,19.679998
GRASS,24.8,20.4,19.759998
GRASS,24.8,20.4,19.839998
GRASS,24.8,20.4,19.919998
GRASS,24.8,20.4,19.999998
GRASS,24.8,20.4,20.079998
STONE,24.8,20.4,20.159998
GRASS,24.8,20.32,20.159998
STONE,24.8,20.4,20.239998
GRASS,24.8,20.32,20.239998
STONE,24.8,20.4,20.32
GRASS,24.8,20.32,20.32
GRASS,24.8,20.4,20.4
STONE,24.88,20.4,19.199999
GRASS,24.88,20.32,19.199999
STONE,24.88,20.4,19.279999
GRASS,24.88,20.32,19.279999
GRASS,24.88,20.4,19.359999
GRASS,24.88,20.4,19.439999
GRASS,24.88,20.4,19.519999
GRASS,24.88,20.4,19.599998
GRASS,24.88,20.4,19.679998
STONE,24.88,20.4,19.759998
GRASS,24.88,20.32,19.759998
GRASS,24.88,20.4,19.839998
GRASS,24.88,20.4,19.919998
GRASS,24.88,20.4,19.999998
GRASS,24.88,20.4,20.079998
GRASS,24.88,20.4,20.159998
STONE,24.88,20.4,20.239998
GRASS,24.88,20.32,20.239998
STONE,24.88,20.4,20.32
GRASS,24.88,20.32,20.32
GRASS,24.88,20.4,20.4
STONE,24.96,20.4,19.199999
GRASS,24.96,20.32,19.199999
GRASS,24.96,20.4,19.279999
GRASS,24.96,20.4,19.359999
GRASS,24.96,20.4,19.439999
GRASS,24.96,20.4,19.519999
GRASS,24.96,20.4,19.599998
GRASS,24.96,20.4,19.679998
GRASS,24.96,20.4,19.759998
GRASS,24.96,20.4,19.839998
GRASS,24.96,20.4,19.919998
GRASS,24.96,20.4,19.999998
GRASS,24.96,20.4,20.079998
GRASS,24.96,20.4,20.159998
STONE,24.96,20.4,20.239998
LOG,24.96,20.24,20.239998
LOG,24.96,20.16,20.239998
LOG,24.96,20.08,20.239998
LOG,24.96,20.0,20.239998
LEAF,24.96,19.92,20.239998
LEAF,24.88,20.0,20.239998
LEAF,25.039999,20.0,20.239998
LEAF,24.96,20.0,20.159998
LEAF,24.96,20.0,20.319998
DIRT,24.96,20.32,20.239998
STONE,24.96,20.4,20.32
GRASS,24.96,20.32,20.32
STONE,24.96,20.4,20.4
GRASS,24.96,20.32,20.4
GRASS,25.039999,20.4,19.199999
GRASS,25.039999,20.4,19.279999
GRASS,25.039999,20.4,19.359999
GRASS,25.039999,20.4,19.439999
GRASS,25.039999,20.4,19.519999
GRASS,25.039999,20.4,19.599998
GRASS,25.039999,20.4,19.679998
GRASS,25.039999,20.4,19.759998
GRASS,25.039999,20.4,19.839998
GRASS,25.039999,20.4,19.919998
GRASS,25.039999,20.4,19.999998
GRASS,25.039999,20.4,20.079998
STONE,25.039999,20.4,20.159998
GRASS,25.039999,20.32,20.159998
STONE,25.039999,20.4,20.239998
GRASS,25.039999,20.32,20.239998
STONE,25.039999,20.32,20.32
STONE,25.039999,20.4,20.32
GRASS,25.039999,20.24,20.32
STONE,25.039999,20.4,20.4
GRASS,25.039999,20.32,20.4
GRASS,25.119999,20.4,19.199999
GRASS,25.119999,20.4,19.279999
GRASS,25.119999,20.4,19.359999
GRASS,25.119999,20.4,19.439999
GRASS,25.119999,20.4,19.519999
GRASS,25.119999,20.4,19.599998
GRASS,25.119999,20.4,19.679998
GRASS,25.119999,20.4,19.759998
GRASS,25.119999,20.4,19.839998
GRASS,25.119999,20.4,19.919998
GRASS,25.119999,20.4,19.999998
GRASS,25.119999,20.4,20.079998
GRASS,25.119999,20.4,20.159998
STONE,25.119999,20.4,20.239998
GRASS,25.119999,20.32,20.239998
STONE,25.119999,20.4,20.32
GRASS,25.119999,20.32,20.32
STONE,25.119999,20.4,20.4
GRASS,25.119999,20.32,20.4
GRASS,25.199999,20.4,19.199999
GRASS,25.199999,20.4,19.279999
GRASS,25.199999,20.4,19.359999
GRASS,25.199999,20.4,19.439999
GRASS,25.199999,20.4,19.519999
GRASS,25.199999,20.4,19.599998
GRASS,25.199999,20.4,19.679998
GRASS,25.199999,20.4,19.759998
GRASS,25.199999,20.4,19.839998
GRASS,25.199999,20.4,19.919998
GRASS,25.199999,20.4,19.999998
GRASS,25.199999,20.4,20.079998
GRASS,25.199999,20.4,20.159998
GRASS,25.199999,20.4,20.239998
STONE,25.199999,20.4,20.32
GRASS,25.199999,20.32,20.32
GRASS,25.199999,20.4,20.4
GRASS,25.279999,20.4,19.199999
GRASS,25.279999,20.4,19.279999
GRASS,25.279999,20.4,19.359999
GRASS,25.279999,20.4,19.439999
GRASS,25.279999,20.4,19.519999
GRASS,25.279999,20.4,19.599998
GRASS,25.279999,20.4,19.679998
GRASS,25.279999,20.4,19.759998
GRASS,25.279999,20.4,19.839998
GRASS,25.279999,20.4,19.919998
GRASS,25.279999,20.4,19.999998
GRASS,25.279999,20.4,20.079998
GRASS,25.279999,20.4,20.159998
GRASS,25.279999,20.4,20.239998
GRASS,25.279999,20.4,20.32
GRASS,25.279999,20.4,20.4
GRASS,25.36,20.4,19.199999
GRASS,25.36,20.4,19.279999
GRASS,25.36,20.4,19.359999
GRASS,25.36,20.4,19.439999
GRASS,25.36,20.4,19.519999
GRASS,25.36,20.4,19.599998
GRASS,25.36,20.4,19.679998
GRASS,25.36,20.4,19.759998
GRASS,25.36,20.4,19.839998
GRASS,25.36,20.4,19.919998
GRASS,25.36,20.4,19.999998
GRASS,25.36,20.4,20.079998
GRASS,25.36,20.4,20.159998
GRASS,25.36,20.4,20.239998
GRASS,25.36,20.4,20.32
GRASS,25.36,20.4,20.4
GRASS,25.44,20.4,19.199999
GRASS,25.44,20.4,19.279999
GRASS,25.44,20.4,19.359999
GRASS,25.44,20.4,19.439999
GRASS,25.44,20.4,19.519999
GRASS,25.44,20.4,19.599998
GRASS,25.44,20.4,19.679998
GRASS,25.44,20.4,19.759998
GRASS,25.44,20.4,19.839998
GRASS,25.44,20.4,19.919998
GRASS,25.44,20.4,19.999998
GRASS,25.44,20.4,20.079998
GRASS,25.44,20.4,20.159998
GRASS,25.44,20.4,20.239998
GRASS,25.44,20.4,20.32
GRASS,25.44,20.4,20.4
GRASS,25.52,20.4,19.199999
GRASS,25.52,20.4,19.279999
GRASS,25.52,20.4,19.359999
GRASS,25.52,20.4,19.439999
GRASS,25.52,20.4,19.519999
GRASS,25.52,20.4,19.599998
GRASS,25.52,20.4,19.679998
GRASS,25.52,20.4,19.759998
GRASS,25.52,20.4,19.839998
GRASS,25.52,20.4,19.919998
GRASS,25.52,20.4,19.999998
GRASS,25.52,20.4,20.079998
GRASS,25.52,20.4,20.159998
GRASS,25.52,20.4,20.239998
GRASS,25.52,20.4,20.32
GRASS,25.52,20.4,20.4
BIRCH_LOG,24.56,20.32,20.48
BIRCH_LOG,24.56,20.24,20.48
BIRCH_LOG,24.56,20.16,20.48
BIRCH_LOG,24.56,20.08,20.48
BIRCH_LOG,24.56,20.0,20.48
LEAF,24.56,19.92,20.48
LEAF,24.48,20.0,20.48
LEAF,24.64,20.0,20.48
LEAF,24.56,20.0,20.4
