GRASS,24.32,20.4,20.48
GRASS,24.32,20.4,20.56
GRASS,24.32,20.4,20.64
GRASS,24.32,20.4,20.72
STONE,24.32,20.4,20.8
GRASS,24.32,20.32,20.8
GRASS,24.32,20.4,20.88
GRASS,24.32,20.4,20.96
GRASS,24.32,20.4,21.039999
GRASS,24.32,20.4,21.119999
GRASS,24.32,20.4,21.199999
GRASS,24.32,20.4,21.279999
STONE,24.32,20.4,21.359999
GRASS,24.32,20.32,21.359999
STONE,24.32,20.4,21.439999
GRASS,24.32,20.32,21.439999
STONE,24.32,20.32,21.52
STONE,24.32,20.4,21.52
GRASS,24.32,20.24,21.52
STONE,24.32,20.4,21.6
GRASS,24.32,20.32,21.6
STONE,24.32,20.4,21.68
GRASS,24.32,20.32,21.68
GRASS,24.4,20.4,20.48
GRASS,24.4,20.4,20.56
GRASS,24.4,20.4,20.64
GRASS,24.4,20.4,20.72
GRASS,24.4,20.4,20.8
GRASS,24.4,20.4,20.88
GRASS,24.4,20.4,20.96
GRASS,24.4,20.4,21.039999
GRASS,24.4,20.4,21.119999
GRASS,24.4,20.4,21.199999
GRASS,24.4,20.4,21.279999
GRASS,24.4,20.4,21.359999
STONE,24.4,20.4,21.439999
GRASS,24.4,20.32,21.439999
STONE,24.4,20.4,21.52
GRASS,24.4,20.32,21.52
STONE,24.4,20.4,21.6
GRASS,24.4,20.32,21.6
GRASS,24.4,20.4,21.68
GRASS,24.48,20.4,20.48
GRASS,24.48,20.4,20.56
GRASS,24.48,20.4,20.64
GRASS,24.48,20.4,20.72
GRASS,24.48,20.4,20.8
STONE,24.48,20.4,20.88
GRASS,24.48,20.32,20.88
GRASS,24.48,20.4,20.96
GRASS,24.48,20.4,21.039999
GRASS,24.48,20.4,21.119999
GRASS,24.48,20.4,21.199999
GRASS,24.48,20.4,21.279999
GRASS,24.48,20.4,21.359999
GRASS,24.48,20.4,21.439999
STONE,24.48,20.4,21.52
GRASS,24.48,20.32,21.52
GRASS,24.48,20.4,21.6
GRASS,24.48,20.4,21.68
LEAF,24.56,20.0,20.56
DIRT,24.56,20.4,20.48
GRASS,24.56,20.4,20.56
GRASS,24.56,20.4,20.64
GRASS,24.56,20.4,20.72
GRASS,24.56,20.4,20.8
GRASS,24.56,20.4,20.88
GRASS,24.56,20.4,20.96
GRASS,24.56,20.4,21.039999
GRASS,24.56,20.4,21.119999
GRASS,24.56,20.4,21.199999
GRASS,24.56,20.4,21.279999
GRASS,24.56,20.4,21.359999
GRASS,24.56,20.4,21.439999
GRASS,24.56,20.4,21.52
GRASS,24.56,20.4,21.6
GRASS,24.56,20.4,21.68
GRASS,24.64,20.4,20.48
GRASS,24.64,20.4,20.56
GRASS,24.64,20.4,20.64
GRASS,24.64,20.4,20.72
GRASS,24.64,20.4,20.8
GRASS,24.64,20.4,20.88
GRASS,24.64,20.4,20.96
GRASS,24.64,20.4,21.039999
GRASS,24.64,20.4,21.119999
GRASS,24.64,20.4,21.199999
GRASS,24.64,20.4,21.279999
GRASS,24.64,20.4,21.359999
GRASS,24.64,20.4,21.439999
GRASS,24.64,20.4,21.52
GRASS,24.64,20.4,21.6
GRASS,24.64,20.4,21.68
GRASS,24.72,20.4,20.48
GRASS,24.72,20.4,20.56
GRASS,24.72,20.4,20.64
GRASS,24.72,20.4,20.72
GRASS,24.72,20.4,20.8
GRASS,24.72,20.4,20.88
GRASS,24.72,20.4,20.96
GRASS,24.72,20.4,21.039999
GRASS,24.72,20.4,21.119999
GRASS,24.72,20.4,21.199999
GRASS,24.72,20.4,21.279999
GRASS,24.72,20.4,21.359999
GRASS,24.72,20.4,21.439999
GRASS,24.72,20.4,21.52
GRASS,24.72,20.4,21.6
GRASS,24.72,20.4,21.68
GRASS,24.8,20.4,20.48
GRASS,24.8,20.4,20.56
GRASS,24.8,20.4,20.64
GRASS,24.8,20.4,20.72
GRASS,24.8,20.4,20.8
GRASS,24.8,20.4,20.88
GRASS,24.8,20.4,20.96
GRASS,24.8,20.4,21.039999
GRASS,24.8,20.4,21.119999
GRASS,24.8,20.4,21.199999
GRASS,24.8,20.4,21.279999
GRASS,24.8,20.4,21.359999
GRASS,24.8,20.4,21.439999
GRASS,24.8,20.4,21.52
GRASS,24.8,20.4,21.6
GRASS,24.8,20.4,21.68
GRASS,24.88,20.4,20.48
GRASS,24.88,20.4,20.56
GRASS,24.88,20.4,20.64
GRASS,24.88,20.4,20.72
GRASS,24.88,20.4,20.8
GRASS,24.88,20.4,20.88
GRASS,24.88,20.4,20.96
GRASS,24.88,20.4,21.039999
GRASS,24.88,20.4,21.119999
GRASS,24.88,20.4,21.199999
GRASS,24.88,20.4,21.279999
GRASS,24.88,20.4,21.359999
GRASS,24.88,20.4,21.439999
STONE,24.88,20.4,21.52
GRASS,24.88,20.32,21.52
GRASS,24.88,20.4,21.6
GRASS,24.88,20.4,21.68
GRASS,24.96,20.4,20.48
GRASS,24.96,20.4,20.56
GRASS,24.96,20.4,20.64
GRASS,24.96,20.4,20.72
GRASS,24.96,20.4,20.8
GRASS,24.96,20.4,20.88
GRASS,24.96,20.4,20.96
GRASS,24.96,20.4,21.039999
GRASS,24.96,20.4,21.119999
GRASS,24.96,20.4,21.199999
GRASS,24.96,20.4,21.279999
GRASS,24.96,20.4,21.359999
GRASS,24.96,20.4,21.439999
GRASS,24.96,20.4,21.52
GRASS,24.96,20.4,21.6
GRASS,24.96,20.4,21.68
STONE,25.039999,20.4,20.48
GRASS,25.039999,20.32,20.48
GRASS,25.039999,20.4,20.56
GRASS,25.039999,20.4,20.64
GRASS,25.039999,20.4,20.72
GRASS,25.039999,20.4,20.8
GRASS,25.039999,20.4,20.88
GRASS,25.039999,20.4,20.96
GRASS,25.039999,20.4,21.039999
GRASS,25.039999,20.4,21.119999
GRASS,25.039999,20.4,21.199999
GRASS,25.039999,20.4,21.279999
GRASS,25.039999,20.4,21.359999
GRASS,25.039999,20.4,21.439999
GRASS,25.039999,20.4,21.52
GRASS,25.039999,20.4,21.6
GRASS,25.039999,20.4,21.68
GRASS,25.119999,20.4,20.48
GRASS,25.119999,20.4,20.56
GRASS,25.119999,20.4,20.64
GRASS,25.119999,20.4,20.72
GRASS,25.119999,20.4,20.8
GRASS,25.119999,20.4,20.88
GRASS,25.119999,20.4,20.96
GRASS,25.119999,20.4,21.039999
GRASS,25.119999,20.4,21.119999
GRASS,25.119999,20.4,21.199999
GRASS,25.119999,20.4,21.279999
STONE,25.119999,20.4,21.359999
GRASS,25.119999,20.32,21.359999
GRASS,25.119999,20.4,21.439999
GRASS,25.119999,20.4,21.52
GRASS,25.119999,20.4,21.6
GRASS,25.119999,20.4,21.68
GRASS,25.199999,20.4,20.48
GRASS,25.199999,20.4,20.56
GRASS,25.199999,20.4,20.64
GRASS,25.199999,20.4,20.72
GRASS,25.199999,20.4,20.8
GRASS,25.199999,20.4,20.88
GRASS,25.199999,20.4,20.96
GRASS,25.199999,20.4,21.039999
GRASS,25.199999,20.4,21.119999
GRASS,25.199999,20.4,21.199999
GRASS,25.199999,20.4,21.279999
STONE,25.199999,20.4,21.359999
GRASS,25.199999,20.32,21.359999
GRASS,25.199999,20.4,21.439999
GRASS,25.199999,20.4,21.52
GRASS,25.199999,20.4,21.6
STONE,25.199999,20.4,21.68
GRASS,25.199999,20.32,21.68
STONE,25.279999,20.4,20.48
GRASS,25.279999,20.32,20.48
GRASS,25.279999,20.4,20.56
GRASS,25.279999,20.4,20.64
STONE,25.279999,20.4,20.72
GRASS,25.279999,20.32,20.72
GRASS,25.279999,20.4,20.8
GRASS,25.279999,20.4,20.88
GRASS,25.279999,20.4,20.96
GRASS,25.279999,20.4,21.039999
GRASS,25.279999,20.4,21.119999
GRASS,25.279999,20.4,21.199999
STONE,25.279999,20.4,21.279999
GRASS,25.279999,20.32,21.279999
STONE,25.279999,20.4,21.359999
GRASS,25.279999,20.32,21.359999
STONE,25.279999,20.4,21.439999
GRASS,25.279999,20.32,21.439999
GRASS,25.279999,20.4,21.52
STONE,25.279999,20.4,21.6
GRASS,25.279999,20.32,21.6
STONE,25.279999,20.4,21.68
GRASS,25.279999,20.32,21.68
GRASS,25.36,20.4,20.48
GRASS,25.36,20.4,20.56
STONE,25.36,20.4,20.64
GRASS,25.36,20.32,20.64
STONE,25.36,20.4,20.72
GRASS,25.36,20.32,20.72
STONE,25.36,20.4,20.8
GRASS,25.36,20.32,20.8
GRASS,25.36,20.4,20.88
GRASS,25.36,20.4,20.96
GRASS,25.36,20.4,21.039999
GRASS,25.36,20.4,21.119999
GRASS,25.36,20.4,21.199999
GRASS,25.36,20.4,21.279999
STONE,25.36,20.4,21.359999
GRASS,25.36,20.32,21.359999
GRASS,25.36,20.4,21.439999
GRASS,25.36,20.4,21.52
GRASS,25.36,20.4,21.6
STONE,25.36,20.4,21.68
GRASS,25.36,20.32,21.68
GRASS,25.44,20.4,20.48
STONE,25.44,20.4,20.56
GRASS,25.44,20.32,20.56
STONE,25.44,20.4,20.64
GRASS,25.44,20.32,20.64
STONE,25.44,20.32,20.72
STONE,25.44,20.4,20.72
BIRCH_LOG,25.44,20.16,20.72
BIRCH_LOG,25.44,20.08,20.72
BIRCH_LOG,25.44,20.0,20.72
BIRCH_LOG,25.44,19.92,20.72
BIRCH_LOG,25.44,19.84,20.72
LEAF,25.44,19.76,20.72
LEAF,25.36,19.84,20.72
LEAF,25.52,19.84,20.72
LEAF,25.44,19.84,20.64
LEAF,25.44,19.84,20.8
DIRT,25.44,20.24,20.72
STONE,25.44,20.4,20.8
GRASS,25.44,20.32,20.8
STONE,25.44,20.4,20.88
GRASS,25.44,20.32,20.88
GRASS,25.44,20.4,20.96
GRASS,25.44,20.4,21.039999
GRASS,25.44,20.4,21.119999
GRASS,25.44,20.4,21.199999
GRASS,25.44,20.4,21.279999
GRASS,25.44,20.4,21.359999
GRASS,25.44,20.4,21.439999
GRASS,25.44,20.4,21.52
GRASS,25.44,20.4,21.6
GRASS,25.44,20.4,21.68
GRASS,25.52,20.4,20.48
GRASS,25.52,20.4,20.56
STONE,25.52,20.4,20.64
GRASS,25.52,20.32,20.64
STONE,25.52,20.4,20.72
GRASS,25.52,20.32,20.72
STONE,25.52,20.4,20.8
GRASS,25.52,20.32,20.8
GRASS,25.52,20.4,20.88
GRASS,25.52,20.4,20.96
GRASS,25.52,20.4,21.039999
GRASS,25.52,20.4,21.119999
GRASS,25.52,20.4,21.199999
GRASS,25.52,20.4,21.279999
GRASS,25.52,20.4,21.359999
GRASS,25.52,20.4,21.439999
GRASS,25.52,20.4,21.52
GRASS,25.52,20.4,21.6
STONE,25.52,20.24,21.68
STONE,25.52,20.32,21.68
STONE,25.52,20.4,21.68
GRASS,25.52,20.16,21.68
