GRASS,25.599998,20.4,24.32
GRASS,25.599998,20.4,24.4
GRASS,25.599998,20.4,24.48
GRASS,25.599998,20.4,24.56
GRASS,25.599998,20.4,24.64
GRASS,25.599998,20.4,24.72
GRASS,25.599998,20.4,24.8
GRASS,25.599998,20.4,24.88
GRASS,25.599998,20.4,24.96
GRASS,25.599998,20.4,25.039999
GRASS,25.599998,20.4,25.119999
GRASS,25.599998,20.4,25.199999
GRASS,25.599998,20.4,25.279999
GRASS,25.599998,20.4,25.36
GRASS,25.599998,20.4,25.44
GRASS,25.599998,20.4,25.52
GRASS,25.679998,20.4,24.32
GRASS,25.679998,20.4,24.4
GRASS,25.679998,20.4,24.48
GRASS,25.679998,20.4,24.56
STONE,25.679998,20.4,24.64
GRASS,25.679998,20.32,24.64
GRASS,25.679998,20.4,24.72
GRASS,25.679998,20.4,24.8
GRASS,25.679998,20.4,24.88
STONE,25.679998,20.4,24.96
GRASS,25.679998,20.32,24.96
GRASS,25.679998,20.4,25.039999
GRASS,25.679998,20.4,25.119999
GRASS,25.679998,20.4,25.199999
GRASS,25.679998,20.4,25.279999
GRASS,25.679998,20.4,25.36
GRASS,25.679998,20.4,25.44
GRASS,25.679998,20.4,25.52
GRASS,25.759998,20.4,24.32
GRASS,25.759998,20.4,24.4
GRASS,25.759998,20.4,24.48
GRASS,25.759998,20.4,24.56
GRASS,25.759998,20.4,24.64
GRASS,25.759998,20.4,24.72
GRASS,25.759998,20.4,24.8
GRASS,25.759998,20.4,24.88
GRASS,25.759998,20.4,24.96
GRASS,25.759998,20.4,25.039999
GRASS,25.759998,20.4,25.119999
BIRCH_LOG,25.759998,20.32,25.199999
BIRCH_LOG,25.759998,20.24,25.199999
BIRCH_LOG,25.759998,20.16,25.199999
BIRCH_LOG,25.759998,20.08,25.199999
LEAF,25.759998,20.0,25.199999
LEAF,25.679998,20.08,25.199999
LEAF,25.839998,20.08,25.199999
LEAF,25.759998,20.08,25.119999
LEAF,25.759998,20.08,25.279999
DIRT,25.759998,20.4,25.199999
GRASS,25.759998,20.4,25.279999
GRASS,25.759998,20.4,25.36
GRASS,25.759998,20.4,25.44
GRASS,25.759998,20.4,25.52
GRASS,25.839998,20.4,24.32
GRASS,25.839998,20.4,24.4
GRASS,25.839998,20.4,24.48
GRASS,25.839998,20.4,24.56
GRASS,25.839998,20.4,24.64
GRASS,25.839998,20.4,24.72
GRASS,25.839998,20.4,24.8
STONE,25.839998,20.4,24.88
GRASS,25.839998,20.32,24.88
GRASS,25.839998,20.4,24.96
GRASS,25.839998,20.4,25.039999
GRASS,25.839998,20.4,25.119999
GRASS,25.839998,20.4,25.199999
GRASS,25.839998,20.4,25.279999
GRASS,25.839998,20.4,25.36
GRASS,25.839998,20.4,25.44
GRASS,25.839998,20.4,25.52
GRASS,25.919998,20.4,24.32
GRASS,25.919998,20.4,24.4
GRASS,25.919998,20.4,24.48
GRASS,25.919998,20.4,24.56
GRASS,25.919998,20.4,24.64
GRASS,25.919998,20.4,24.72
STONE,25.919998,20.4,24.8
GRASS,25.919998,20.32,24.8
STONE,25.919998,20.4,24.88
GRASS,25.919998,20.32,24.88
STONE,25.919998,20.4,24.96
GRASS,25.919998,20.32,24.96
GRASS,25.919998,20.4,25.039999
GRASS,25.919998,20.4,25.119999
GRASS,25.919998,20.4,25.199999
GRASS,25.919998,20.4,25.279999
GRASS,25.919998,20.4,25.36
GRASS,25.919998,20.4,25.44
GRASS,25.919998,20.4,25.52
GRASS,25.999998,20.4,24.32
GRASS,25.999998,20.4,24.4
GRASS,25.999998,20.4,24.48
GRASS,25.999998,20.4,24.56
GRASS,25.999998,20.4,24.64
STONE,25.999998,20.4,24.72
GRASS,25.999998,20.32,24.72
STONE,25.999998,20.4,24.8
GRASS,25.999998,20.32,24.8
STONE,25.999998,20.32,24.88
STONE,25.999998,20.4,24.88
GRASS,25.999998,20.24,24.88
STONE,25.999998,20.4,24.96
GRASS,25.999998,20.32,24.96
STONE,25.999998,20.4,25.039999
GRASS,25.999998,20.32,25.039999
GRASS,25.999998,20.4,25.119999
GRASS,25.999998,20.4,25.199999
GRASS,25.999998,20.4,25.279999
GRASS,25.999998,20.4,25.36
GRASS,25.999998,20.4,25.44
GRASS,25.999998,20.4,25.52
GRASS,26.079998,20.4,24.32
GRASS,26.079998,20.4,24.4
GRASS,26.079998,20.4,24.48
GRASS,26.079998,20.4,24.56
GRASS,26.079998,20.4,24.64
GRASS,26.079998,20.4,24.72
STONE,26.079998,20.4,24.8
GRASS,26.079998,20.32,24.8
STONE,26.079998,20.4,24.88
GRASS,26.079998,20.32,24.88
STONE,26.079998,20.4,24.96
GRASS,26.079998,20.32,24.96
GRASS,26.079998,20.4,25.039999
GRASS,26.079998,20.4,25.119999
GRASS,26.079998,20.4,25.199999
GRASS,26.079998,20.4,25.279999
GRASS,26.079998,20.4,25.36
STONE,26.079998,20.4,25.44
GRASS,26.079998,20.32,25.44
GRASS,26.079998,20.4,25.52
GRASS,26.159998,20.4,24.32
GRASS,26.159998,20.4,24.4
GRASS,26.159998,20.4,24.48
GRASS,26.159998,20.4,24.56
GRASS,26.159998,20.4,24.64
GRASS,26.159998,20.4,24.72
GRASS,26.159998,20.4,24.8
STONE,26.159998,20.4,24.88
GRASS,26.159998,20.32,24.88
GRASS,26.159998,20.4,24.96
GRASS,26.159998,20.4,25.039999
GRASS,26.159998,20.4,25.119999
GRASS,26.159998,20.4,25.199999
GRASS,26.159998,20.4,25.279999
GRASS,26.159998,20.4,25.36
GRASS,26.159998,20.4,25.44
GRASS,26.159998,20.4,25.52
GRASS,26.239998,20.4,24.32
GRASS,26.239998,20.4,24.4
GRASS,26.239998,20.4,24.48
GRASS,26.239998,20.4,24.56
GRASS,26.239998,20.4,24.64
GRASS,26.239998,20.4,24.72
GRASS,26.239998,20.4,24.8
GRASS,26.239998,20.4,24.88
GRASS,26.239998,20.4,24.96
GRASS,26.239998,20.4,25.039999
GRASS,26.239998,20.4,25.119999
GRASS,26.239998,20.4,25.199999
GRASS,26.239998,20.4,25.279999
GRASS,26.239998,20.4,25.36
GRASS,26.239998,20.4,25.44
STONE,26.239998,20.4,25.52
GRASS,26.239998,20.32,25.52
GRASS,26.319998,20.4,24.32
GRASS,26.319998,20.4,24.4
STONE,26.319998,20.4,24.48
GRASS,26.319998,20.32,24.48
GRASS,26.319998,20.4,24.56
GRASS,26.319998,20.4,24.64
GRASS,26.319998,20.4,24.72
GRASS,26.319998,20.4,24.8
GRASS,26.319998,20.4,24.88
GRASS,26.319998,20.4,24.96
GRASS,26.319998,20.4,25.039999
GRASS,26.319998,20.4,25.119999
GRASS,26.319998,20.4,25.199999
GRASS,26.319998,20.4,25.279999
GRASS,26.319998,20.4,25.36
STONE,26.319998,20.4,25.44
GRASS,26.319998,20.32,25.44
STONE,26.319998,20.4,25.52
GRASS,26.319998,20.32,25.52
GRASS,26.399998,20.4,24.32
GRASS,26.399998,20.4,24.4
GRASS,26.399998,20.4,24.48
GRASS,26.399998,20.4,24.56
GRASS,26.399998,20.4,24.64
GRASS,26.399998,20.4,24.72
GRASS,26.399998,20.4,24.8
GRASS,26.399998,20.4,24.88
GRASS,26.399998,20.4,24.96
GRASS,26.399998,20.4,25.039999
GRASS,26.399998,20.4,25.119999
GRASS,26.399998,20.4,25.199999
GRASS,26.399998,20.4,25.279999
STONE,26.399998,20.4,25.36
GRASS,26.399998,20.32,25.36
STONE,26.399998,20.4,25.44
GRASS,26.399998,20.32,25.44
STONE,26.399998,20.32,25.52
STONE,26.399998,20.4,25.52
GRASS,26.399998,20.24,25.52
GRASS,26.479998,20.4,24.32
GRASS,26.479998,20.4,24.4
GRASS,26.479998,20.4,24.48
GRASS,26.479998,20.4,24.56
STONE,26.479998,20.4,24.64
GRASS,26.479998,20.32,24.64
GRASS,26.479998,20.4,24.72
GRASS,26.479998,20.4,24.8
GRASS,26.479998,20.4,24.88
GRASS,26.479998,20.4,24.96
GRASS,26.479998,20.4,25.039999
GRASS,26.479998,20.4,25.119999
GRASS,26.479998,20.4,25.199999
GRASS,26.479998,20.4,25.279999
GRASS,26.479998,20.4,25.36
STONE,26.479998,20.4,25.44
GRASS,26.479998,20.32,25.44
STONE,26.479998,20.4,25.52
GRASS,26.479998,20.32,25.52
GRASS,26.559998,20.4,24.32
GRASS,26.559998,20.4,24.4
GRASS,26.559998,20.4,24.48
STONE,26.559998,20.4,24.56
GRASS,26.559998,20.32,24.56
STONE,26.559998,20.4,24.64
GRASS,26.559998,20.32,24.64
STONE,26.559998,20.4,24.72
GRASS,26.559998,20.32,24.72
GRASS,26.559998,20.4,24.8
GRASS,26.559998,20.4,24.88
GRASS,26.559998,20.4,24.96
GRASS,26.559998,20.4,25.039999
GRASS,26.559998,20.4,25.119999
BIRCH_LOG,26.559998,20.32,25.199999
BIRCH_LOG,26.559998,20.24,25.199999
BIRCH_LOG,26.559998,20.16,25.199999
BIRCH_LOG,26.559998,20.08,25.199999
LEAF,26.559998,20.0,25.199999
LEAF,26.479998,20.08,25.199999
LEAF,26.639997,20.08,25.199999
LEAF,26.559998,20.08,25.119999
LEAF,26.559998,20.08,25.279999
DIRT,26.559998,20.4,25.199999
GRASS,26.559998,20.4,25.279999
GRASS,26.559998,20.4,25.36
GRASS,26.559998,20.4,25.44
STONE,26.559998,20.4,25.52
GRASS,26.559998,20.32,25.52
GRASS,26.64,20.4,24.32
GRASS,26.64,20.4,24.4
GRASS,26.64,20.4,24.48
GRASS,26.64,20.4,24.56
STONE,26.64,20.4,24.64
GRASS,26.64,20.32,24.64
GRASS,26.64,20.4,24.72
GRASS,26.64,20.4,24.8
GRASS,26.64,20.4,24.88
GRASS,26.64,20.4,24.96
GRASS,26.64,20.4,25.039999
GRASS,26.64,20.4,25.119999
GRASS,26.64,20.4,25.199999
GRASS,26.64,20.4,25.279999
GRASS,26.64,20.4,25.36
GRASS,26.64,20.4,25.44
GRASS,26.64,20.4,25.52
GRASS,26.72,20.4,24.32
GRASS,26.72,20.4,24.4
GRASS,26.72,20.4,24.48
GRASS,26.72,20.4,24.56
GRASS,26.72,20.4,24.64
GRASS,26.72,20.4,24.72
GRASS,26.72,20.4,24.8
GRASS,26.72,20.4,24.88
GRASS,26.72,20.4,24.96
GRASS,26.72,20.4,25.039999
GRASS,26.72,20.4,25.119999
GRASS,26.72,20.4,25.199999
GRASS,26.72,20.4,25.279999
GRASS,26.72,20.4,25.36
GRASS,26.72,20.4,25.44
STONE,26.72,20.4,25.52
GRASS,26.72,20.32,25.52
GRASS,26.8,20.4,24.32
GRASS,26.8,20.4,24.4
STONE,26.8,20.4,24.48
GRASS,26.8,20.32,24.48
GRASS,26.8,20.4,24.56
GRASS,26.8,20.4,24.64
GRASS,26.8,20.4,24.72
GRASS,26.8,20.4,24.8
GRASS,26.8,20.4,24.88
GRASS,26.8,20.4,24.96
GRASS,26.8,20.4,25.039999
GRASS,26.8,20.4,25.119999
GRASS,26.8,20.4,25.199999
GRASS,26.8,20.4,25.279999
GRASS,26.8,20.4,25.36
STONE,26.8,20.4,25.44
GRASS,26.8,20.32,25.44
STONE,26.8,20.4,25.52
GRASS,26.8,20.32,25.52
LEAF,26.88,20.0,25.279999
