GRASS,25.599998,20.4,23.039999
GRASS,25.599998,20.4,23.119999
GRASS,25.599998,20.4,23.199999
GRASS,25.599998,20.4,23.279999
GRASS,25.599998,20.4,23.359999
GRASS,25.599998,20.4,23.439999
GRASS,25.599998,20.4,23.519999
GRASS,25.599998,20.4,23.599998
GRASS,25.599998,20.4,23.679998
GRASS,25.599998,20.4,23.759998
GRASS,25.599998,20.4,23.839998
LEAF,25.679998,20.08,23.919998
DIRT,25.599998,20.4,23.919998
GRASS,25.599998,20.4,23.999998
GRASS,25.599998,20.4,24.079998
GRASS,25.599998,20.4,24.16
GRASS,25.599998,20.4,24.24
GRASS,25.679998,20.4,23.039999
GRASS,25.679998,20.4,23.119999
GRASS,25.679998,20.4,23.199999
GRASS,25.679998,20.4,23.279999
GRASS,25.679998,20.4,23.359999
GRASS,25.679998,20.4,23.439999
GRASS,25.679998,20.4,23.519999
GRASS,25.679998,20.4,23.599998
GRASS,25.679998,20.4,23.679998
GRASS,25.679998,20.4,23.759998
GRASS,25.679998,20.4,23.839998
GRASS,25.679998,20.4,23.919998
GRASS,25.679998,20.4,23.999998
GRASS,25.679998,20.4,24.079998
GRASS,25.679998,20.4,24.16
GRASS,25.679998,20.4,24.24
GRASS,25.759998,20.4,23.039999
GRASS,25.759998,20.4,23.119999
GRASS,25.759998,20.4,23.199999
GRASS,25.759998,20.4,23.279999
GRASS,25.759998,20.4,23.359999
GRASS,25.759998,20.4,23.439999
STONE,25.759998,20.4,23.519999
GRASS,25.759998,20.32,23.519999
GRASS,25.759998,20.4,23.599998
GRASS,25.759998,20.4,23.679998
GRASS,25.759998,20.4,23.759998
GRASS,25.759998,20.4,23.839998
GRASS,25.759998,20.4,23.919998
GRASS,25.759998,20.4,23.999998
GRASS,25.759998,20.4,24.079998
GRASS,25.759998,20.4,24.16
GRASS,25.759998,20.4,24.24
GRASS,25.839998,20.4,23.039999
GRASS,25.839998,20.4,23.119999
LOG,25.839998,20.32,23.199999
LOG,25.839998,20.24,23.199999
LOG,25.839998,20.16,23.199999
LOG,25.839998,20.08,23.199999
LOG,25.839998,20.0,23.199999
LEAF,25.839998,19.92,23.199999
LEAF,25.759998,20.0,23.199999
LEAF,25.919998,20.0,23.199999
LEAF,25.839998,20.0,23.119999
LEAF,25.839998,20.0,23.279999
DIRT,25.839998,20.4,23.199999
GRASS,25.839998,20.4,23.279999
GRASS,25.839998,20.4,23.359999
STONE,25.839998,20.4,23.439999
GRASS,25.839998,20.32,23.439999
STONE,25.839998,20.4,23.519999
GRASS,25.839998,20.32,23.519999
STONE,25.839998,20.4,23.599998
GRASS,25.839998,20.32,23.599998
GRASS,25.839998,20.4,23.679998
GRASS,25.839998,20.4,23.759998
GRASS,25.839998,20.4,23.839998
GRASS,25.839998,20.4,23.919998
GRASS,25.839998,20.4,23.999998
GRASS,25.839998,20.4,24.079998
GRASS,25.839998,20.4,24.16
GRASS,25.839998,20.4,24.24
GRASS,25.919998,20.4,23.039999
GRASS,25.919998,20.4,23.119999
GRASS,25.919998,20.4,23.199999
GRASS,25.919998,20.4,23.279999
GRASS,25.919998,20.4,23.359999
GRASS,25.919998,20.4,23.439999
STONE,25.919998,20.4,23.519999
GRASS,25.919998,20.32,23.519999
GRASS,25.919998,20.4,23.599998
GRASS,25.919998,20.4,23.679998
GRASS,25.919998,20.4,23.759998
GRASS,25.919998,20.4,23.839998
GRASS,25.919998,20.4,23.919998
GRASS,25.919998,20.4,23.999998
GRASS,25.919998,20.4,24.079998
GRASS,25.919998,20.4,24.16
GRASS,25.919998,20.4,24.24
GRASS,25.999998,20.4,23.039999
GRASS,25.999998,20.4,23.119999
GRASS,25.999998,20.4,23.199999
GRASS,25.999998,20.4,23.279999
GRASS,25.999998,20.4,23.359999
GRASS,25.999998,20.4,23.439999
GRASS,25.999998,20.4,23.519999
GRASS,25.999998,20.4,23.599998
GRASS,25.999998,20.4,23.679998
GRASS,25.999998,20.4,23.759998
GRASS,25.999998,20.4,23.839998
GRASS,25.999998,20.4,23.919998
GRASS,25.999998,20.4,23.999998
GRASS,25.999998,20.4,24.079998
GRASS,25.999998,20.4,24.16
GRASS,25.999998,20.4,24.24
GRASS,26.079998,20.4,23.039999
LOG,26.079998,20.32,23.119999
LOG,26.079998,20.24,23.119999
LOG,26.079998,20.16,23.119999
LOG,26.079998,20.08,23.119999
LEAF,26.079998,20.0,23.119999
LEAF,25.999998,20.08,23.119999
LEAF,26.159998,20.08,23.119999
LEAF,26.079998,20.08,23.199999
DIRT,26.079998,20.4,23.119999
GRASS,26.079998,20.4,23.199999
GRASS,26.079998,20.4,23.279999
GRASS,26.079998,20.4,23.359999
GRASS,26.079998,20.4,23.439999
GRASS,26.079998,20.4,23.519999
GRASS,26.079998,20.4,23.599998
GRASS,26.079998,20.4,23.679998
GRASS,26.079998,20.4,23.759998
GRASS,26.079998,20.4,23.839998
GRASS,26.079998,20.4,23.919998
GRASS,26.079998,20.4,23.999998
GRASS,26.079998,20.4,24.079998
GRASS,26.079998,20.4,24.16
GRASS,26.079998,20.4,24.24
GRASS,26.159998,20.4,23.039999
STONE,26.159998,20.4,23.119999
GRASS,26.159998,20.32,23.119999
GRASS,26.159998,20.4,23.199999
GRASS,26.159998,20.4,23.279999
GRASS,26.159998,20.4,23.359999
GRASS,26.159998,20.4,23.439999
GRASS,26.159998,20.4,23.519999
GRASS,26.159998,20.4,23.599998
GRASS,26.159998,20.4,23.679998
GRASS,26.159998,20.4,23.759998
GRASS,26.159998,20.4,23.839998
GRASS,26.159998,20.4,23.919998
STONE,26.159998,20.4,23.999998
GRASS,26.159998,20.32,23.999998
GRASS,26.159998,20.4,24.079998
GRASS,26.159998,20.4,24.16
GRASS,26.159998,20.4,24.24
STONE,26.239998,20.4,23.039999
GRASS,26.239998,20.32,23.039999
STONE,26.239998,20.4,23.119999
GRASS,26.239998,20.32,23.119999
STONE,26.239998,20.4,23.199999
GRASS,26.239998,20.32,23.199999
GRASS,26.239998,20.4,23.279999
GRASS,26.239998,20.4,23.359999
GRASS,26.239998,20.4,23.439999
GRASS,26.239998,20.4,23.519999
GRASS,26.239998,20.4,23.599998
GRASS,26.239998,20.4,23.679998
GRASS,26.239998,20.4,23.759998
GRASS,26.239998,20.4,23.839998
STONE,26.239998,20.4,23.919998
GRASS,26.239998,20.32,23.919998
STONE,26.239998,20.4,23.999998
GRASS,26.239998,20.32,23.999998
STONE,26.239998,20.4,24.079998
GRASS,26.239998,20.32,24.079998
GRASS,26.239998,20.4,24.16
GRASS,26.239998,20.4,24.24
STONE,26.319998,20.4,23.039999
GRASS,26.319998,20.32,23.039999
STONE,26.319998,20.32,23.119999
STONE,26.319998,20.4,23.119999
GRASS,26.319998,20.24,23.119999
STONE,26.319998,20.4,23.199999
GRASS,26.319998,20.32,23.199999
STONE,26.319998,20.4,23.279999
GRASS,26.319998,20.32,23.279999
GRASS,26.319998,20.4,23.359999
GRASS,26.319998,20.4,23.439999
GRASS,26.319998,20.4,23.519999
GRASS,26.319998,20.4,23.599998
GRASS,26.319998,20.4,23.679998
GRASS,26.319998,20.4,23.759998
STONE,26.319998,20.4,23.839998
GRASS,26.319998,20.32,23.839998
STONE,26.319998,20.4,23.919998
GRASS,26.319998,20.32,23.919998
STONE,26.319998,20.32,23.999998
STONE,26.319998,20.4,23.999998
GRASS,26.319998,20.24,23.999998
STONE,26.319998,20.4,24.079998
GRASS,26.319998,20.32,24.079998
STONE,26.319998,20.4,24.16
GRASS,26.319998,20.32,24.16
GRASS,26.319998,20.4,24.24
STONE,26.399998,20.4,23.039999
GRASS,26.399998,20.32,23.039999
STONE,26.399998,20.4,23.119999
GRASS,26.399998,20.32,23.119999
STONE,26.399998,20.4,23.199999
GRASS,26.399998,20.32,23.199999
GRASS,26.399998,20.4,23.279999
GRASS,26.399998,20.4,23.359999
GRASS,26.399998,20.4,23.439999
GRASS,26.399998,20.4,23.519999
GRASS,26.399998,20.4,23.599998
GRASS,26.399998,20.4,23.679998
GRASS,26.399998,20.4,23.759998
GRASS,26.399998,20.4,23.839998
STONE,26.399998,20.4,23.919998
GRASS,26.399998,20.32,23.919998
STONE,26.399998,20.4,23.999998
GRASS,26.399998,20.32,23.999998
STONE,26.399998,20.4,24.079998
GRASS,26.399998,20.32,24.079998
GRASS,26.399998,20.4,24.16
GRASS,26.399998,20.4,24.24
GRASS,26.479998,20.4,23.039999
STONE,26.479998,20.4,23.119999
GRASS,26.479998,20.32,23.119999
GRASS,26.479998,20.4,23.199999
GRASS,26.479998,20.4,23.279999
GRASS,26.479998,20.4,23.359999
GRASS,26.479998,20.4,23.439999
GRASS,26.479998,20.4,23.519999
GRASS,26.479998,20.4,23.599998
GRASS,26.479998,20.4,23.679998
GRASS,26.479998,20.4,23.759998
GRASS,26.479998,20.4,23.839998
GRASS,26.479998,20.4,23.919998
STONE,26.479998,20.4,23.999998
GRASS,26.479998,20.32,23.999998
GRASS,26.479998,20.4,24.079998
GRASS,26.479998,20.4,24.16
GRASS,26.479998,20.4,24.24
STONE,26.559998,20.4,23.039999
GRASS,26.559998,20.32,23.039999
GRASS,26.559998,20.4,23.119999
GRASS,26.559998,20.4,23.199999
GRASS,26.559998,20.4,23.279999
GRASS,26.559998,20.4,23.359999
GRASS,26.559998,20.4,23.439999
GRASS,26.559998,20.4,23.519999
GRASS,26.559998,20.4,23.599998
GRASS,26.559998,20.4,23.679998
GRASS,26.559998,20.4,23.759998
GRASS,26.559998,20.4,23.839998
GRASS,26.559998,20.4,23.919998
GRASS,26.559998,20.4,23.999998
GRASS,26.559998,20.4,24.079998
GRASS,26.559998,20.4,24.16
GRASS,26.559998,20.4,24.24
STONE,26.64,20.4,23.039999
GRASS,26.64,20.32,23.039999
STONE,26.64,20.4,23.119999
GRASS,26.64,20.32,23.119999
GRASS,26.64,20.4,23.199999
GRASS,26.64,20.4,23.279999
GRASS,26.64,20.4,23.359999
GRASS,26.64,20.4,23.439999
GRASS,26.64,20.4,23.519999
GRASS,26.64,20.4,23.599998
GRASS,26.64,20.4,23.679998
GRASS,26.64,20.4,23.759998
GRASS,26.64,20.4,23.839998
GRASS,26.64,20.4,23.919998
GRASS,26.64,20.4,23.999998
GRASS,26.64,20.4,24.079998
GRASS,26.64,20.4,24.16
GRASS,26.64,20.4,24.24
STONE,26.72,20.32,23.039999
STONE,26.72,20.4,23.039999
GRASS,26.72,20.24,23.039999
STONE,26.72,20.4,23.119999
GRASS,26.72,20.32,23.119999
STONE,26.72,20.4,23.199999
GRASS,26.72,20.32,23.199999
GRASS,26.72,20.4,23.279999
GRASS,26.72,20.4,23.359999
GRASS,26.72,20.4,23.439999
GRASS,26.72,20.4,23.519999
GRASS,26.72,20.4,23.599998
GRASS,26.72,20.4,23.679998
GRASS,26.72,20.4,23.759998
GRASS,26.72,20.4,23.839998
GRASS,26.72,20.4,23.919998
GRASS,26.72,20.4,23.999998
GRASS,26.72,20.4,24.079998
GRASS,26.72,20.4,24.16
GRASS,26.72,20.4,24.24
STONE,26.8,20.4,23.039999
GRASS,26.8,20.32,23.039999
STONE,26.8,20.4,23.119999
GRASS,26.8,20.32,23.119999
GRASS,26.8,20.4,23.199999
GRASS,26.8,20.4,23.279999
GRASS,26.8,20.4,23.359999
GRASS,26.8,20.4,23.439999
GRASS,26.8,20.4,23.519999
LOG,26.8,20.32,23.599998
LOG,26.8,20.24,23.599998
LOG,26.8,20.16,23.599998
LOG,26.8,20.08,23.599998
LOG,26.8,20.0,23.599998
LEAF,26.8,19.92,23.599998
LEAF,26.72,20.0,23.599998
LEAF,26.88,20.0,23.599998
LEAF,26.8,20.0,23.519999
LEAF,26.8,20.0,23.679998
DIRT,26.8,20.4,23.599998
GRASS,26.8,20.4,23.679998
GRASS,26.8,20.4,23.759998
GRASS,26.8,20.4,23.839998
GRASS,26.8,20.4,23.919998
GRASS,26.8,20.4,23.999998
GRASS,26.8,20.4,24.079998
GRASS,26.8,20.4,24.16
GRASS,26.8,20.4,24.24
