STONE,25.599998,20.24,21.76
STONE,25.599998,20.32,21.76
STONE,25.599998,20.4,21.76
GRASS,25.599998,20.16,21.76
STONE,25.599998,20.24,21.84
STONE,25.599998,20.32,21.84
STONE,25.599998,20.4,21.84
GRASS,25.599998,20.16,21.84
STONE,25.599998,20.24,21.92
STONE,25.599998,20.32,21.92
STONE,25.599998,20.4,21.92
GRASS,25.599998,20.16,21.92
STONE,25.599998,20.4,22.0
GRASS,25.599998,20.32,22.0
GRASS,25.599998,20.4,22.08
GRASS,25.599998,20.4,22.16
GRASS,25.599998,20.4,22.24
GRASS,25.599998,20.4,22.32
GRASS,25.599998,20.4,22.4
STONE,25.599998,20.4,22.48
GRASS,25.599998,20.32,22.48
STONE,25.599998,20.4,22.56
GRASS,25.599998,20.32,22.56
STONE,25.599998,20.4,22.64
GRASS,25.599998,20.32,22.64
GRASS,25.599998,20.4,22.72
GRASS,25.599998,20.4,22.8
GRASS,25.599998,20.4,22.880001
GRASS,25.599998,20.4,22.960001
GRASS,25.679998,20.4,21.76
STONE,25.679998,20.4,21.84
GRASS,25.679998,20.32,21.84
STONE,25.679998,20.4,21.92
GRASS,25.679998,20.32,21.92
STONE,25.679998,20.4,22.0
GRASS,25.679998,20.32,22.0
STONE,25.679998,20.4,22.08
GRASS,25.679998,20.32,22.08
STONE,25.679998,20.4,22.16
GRASS,25.679998,20.32,22.16
GRASS,25.679998,20.4,22.24
GRASS,25.679998,20.4,22.32
STONE,25.679998,20.4,22.4
GRASS,25.679998,20.32,22.4
STONE,25.679998,20.4,22.48
GRASS,25.679998,20.32,22.48
STONE,25.679998,20.32,22.56
STONE,25.679998,20.4,22.56
GRASS,25.679998,20.24,22.56
STONE,25.679998,20.4,22.64
GRASS,25.679998,20.32,22.64
STONE,25.679998,20.4,22.72
GRASS,25.679998,20.32,22.72
GRASS,25.679998,20.4,22.8
GRASS,25.679998,20.4,22.880001
GRASS,25.679998,20.4,22.960001
GRASS,25.759998,20.4,21.76
STONE,25.759998,20.4,21.84
GRASS,25.759998,20.32,21.84
STONE,25.759998,20.32,21.92
STONE,25.759998,20.4,21.92
GRASS,25.759998,20.24,21.92
STONE,25.759998,20.32,22.0
STONE,25.759998,20.4,22.0
GRASS,25.759998,20.24,22.0
STONE,25.759998,20.32,22.08
STONE,25.759998,20.4,22.08
GRASS,25.759998,20.24,22.08
STONE,25.759998,20.4,22.16
GRASS,25.759998,20.32,22.16
GRASS,25.759998,20.4,22.24
GRASS,25.759998,20.4,22.32
GRASS,25.759998,20.4,22.4
STONE,25.759998,20.4,22.48
GRASS,25.759998,20.32,22.48
STONE,25.759998,20.4,22.56
GRASS,25.759998,20.32,22.56
STONE,25.759998,20.4,22.64
GRASS,25.759998,20.32,22.64
GRASS,25.759998,20.4,22.72
GRASS,25.759998,20.4,22.8
GRASS,25.759998,20.4,22.880001
GRASS,25.759998,20.4,22.960001
STONE,25.839998,20.4,21.76
GRASS,25.839998,20.32,21.76
STONE,25.839998,20.4,21.84
GRASS,25.839998,20.32,21.84
STONE,25.839998,20.32,21.92
STONE,25.839998,20.4,21.92
GRASS,25.839998,20.24,21.92
STONE,25.839998,20.24,22.0
STONE,25.839998,20.32,22.0
STONE,25.839998,20.4,22.0
GRASS,25.839998,20.16,22.0
STONE,25.839998,20.32,22.08
STONE,25.839998,20.4,22.08
GRASS,25.839998,20.24,22.08
STONE,25.839998,20.4,22.16
GRASS,25.839998,20.32,22.16
STONE,25.839998,20.4,22.24
GRASS,25.839998,20.32,22.24
GRASS,25.839998,20.4,22.32
GRASS,25.839998,20.4,22.4
GRASS,25.839998,20.4,22.48
STONE,25.839998,20.4,22.56
GRASS,25.839998,20.32,22.56
GRASS,25.839998,20.4,22.64
GRASS,25.839998,20.4,22.72
GRASS,25.839998,20.4,22.8
GRASS,25.839998,20.4,22.880001
GRASS,25.839998,20.4,22.960001
GRASS,25.919998,20.4,21.76
STONE,25.919998,20.4,21.84
GRASS,25.919998,20.32,21.84
STONE,25.919998,20.32,21.92
STONE,25.919998,20.4,21.92
GRASS,25.919998,20.24,21.92
STONE,25.919998,20.32,22.0
STONE,25.919998,20.4,22.0
GRASS,25.919998,20.24,22.0
STONE,25.919998,20.32,22.08
STONE,25.919998,20.4,22.08
GRASS,25.919998,20.24,22.08
STONE,25.919998,20.4,22.16
GRASS,25.919998,20.32,22.16
GRASS,25.919998,20.4,22.24
GRASS,25.919998,20.4,22.32
GRASS,25.919998,20.4,22.4
GRASS,25.919998,20.4,22.48
GRASS,25.919998,20.4,22.56
GRASS,25.919998,20.4,22.64
GRASS,25.919998,20.4,22.72
GRASS,25.919998,20.4,22.8
GRASS,25.919998,20.4,22.880001
GRASS,25.919998,20.4,22.960001
GRASS,25.999998,20.4,21.76
STONE,25.999998,20.4,21.84
GRASS,25.999998,20.32,21.84
STONE,25.999998,20.4,21.92
GRASS,25.999998,20.32,21.92
STONE,25.999998,20.4,22.0
GRASS,25.999998,20.32,22.0
STONE,25.999998,20.4,22.08
GRASS,25.999998,20.32,22.08
STONE,25.999998,20.4,22.16
GRASS,25.999998,20.32,22.16
GRASS,25.999998,20.4,22.24
GRASS,25.999998,20.4,22.32
LOG,25.999998,20.32,22.4
LOG,25.999998,20.24,22.4
LOG,25.999998,20.16,22.4
LOG,25.999998,20.08,22.4
LOG,25.999998,20.0,22.4
LEAF,25.999998,19.92,22.4
LEAF,25.919998,20.0,22.4
LEAF,26.079998,20.0,22.4
LEAF,25.999998,20.0,22.32
LEAF,25.999998,20.0,22.48
DIRT,25.999998,20.4,22.4
GRASS,25.999998,20.4,22.48
GRASS,25.999998,20.4,22.56
GRASS,25.999998,20.4,22.64
GRASS,25.999998,20.4,22.72
GRASS,25.999998,20.4,22.8
GRASS,25.999998,20.4,22.880001
GRASS,25.999998,20.4,22.960001
GRASS,26.079998,20.4,21.76
GRASS,26.079998,20.4,21.84
GRASS,26.079998,20.4,21.92
STONE,26.079998,20.4,22.0
GRASS,26.079998,20.32,22.0
GRASS,26.079998,20.4,22.08
GRASS,26.079998,20.4,22.16
BIRCH_LOG,26.079998,20.32,22.24
BIRCH_LOG,26.079998,20.24,22.24
BIRCH_LOG,26.079998,20.16,22.24
BIRCH_LOG,26.079998,20.08,22.24
BIRCH_LOG,26.079998,20.0,22.24
LEAF,26.079998,19.92,22.24
LEAF,25.999998,20.0,22.24
LEAF,26.159998,20.0,22.24
LEAF,26.079998,20.0,22.16
LEAF,26.079998,20.0,22.32
DIRT,26.079998,20.4,22.24
GRASS,26.079998,20.4,22.32
GRASS,26.079998,20.4,22.4
GRASS,26.079998,20.4,22.48
GRASS,26.079998,20.4,22.56
GRASS,26.079998,20.4,22.64
GRASS,26.079998,20.4,22.72
GRASS,26.079998,20.4,22.8
GRASS,26.079998,20.4,22.880001
GRASS,26.079998,20.4,22.960001
GRASS,26.159998,20.4,21.76
GRASS,26.159998,20.4,21.84
GRASS,26.159998,20.4,21.92
GRASS,26.159998,20.4,22.0
GRASS,26.159998,20.4,22.08
GRASS,26.159998,20.4,22.16
GRASS,26.159998,20.4,22.24
GRASS,26.159998,20.4,22.32
GRASS,26.159998,20.4,22.4
GRASS,26.159998,20.4,22.48
GRASS,26.159998,20.4,22.56
GRASS,26.159998,20.4,22.64
GRASS,26.159998,20.4,22.72
GRASS,26.159998,20.4,22.8
GRASS,26.159998,20.4,22.880001
GRASS,26.159998,20.4,22.960001
GRASS,26.239998,20.4,21.76
GRASS,26.239998,20.4,21.84
GRASS,26.239998,20.4,21.92
GRASS,26.239998,20.4,22.0
GRASS,26.239998,20.4,22.08
GRASS,26.239998,20.4,22.16
GRASS,26.239998,20.4,22.24
GRASS,26.239998,20.4,22.32
GRASS,26.239998,20.4,22.4
LOG,26.239998,20.32,22.48
LOG,26.239998,20.24,22.48
LOG,26.239998,20.16,22.48
LOG,26.239998,20.08,22.48
LEAF,26.239998,20.0,22.48
LEAF,26.159998,20.08,22.48
LEAF,26.319998,20.08,22.48
LEAF,26.239998,20.08,22.4
LEAF,26.239998,20.08,22.56
DIRT,26.239998,20.4,22.48
GRASS,26.239998,20.4,22.56
GRASS,26.239998,20.4,22.64
GRASS,26.239998,20.4,22.72
GRASS,26.239998,20.4,22.8
GRASS,26.239998,20.4,22.880001
GRASS,26.239998,20.4,22.960001
GRASS,26.319998,20.4,21.76
GRASS,26.319998,20.4,21.84
GRASS,26.319998,20.4,21.92
GRASS,26.319998,20.4,22.0
GRASS,26.319998,20.4,22.08
GRASS,26.319998,20.4,22.16
GRASS,26.319998,20.4,22.24
GRASS,26.319998,20.4,22.32
GRASS,26.319998,20.4,22.4
GRASS,26.319998,20.4,22.48
GRASS,26.319998,20.4,22.56
GRASS,26.319998,20.4,22.64
GRASS,26.319998,20.4,22.72
GRASS,26.319998,20.4,22.8
GRASS,26.319998,20.4,22.880001
STONE,26.319998,20.4,22.960001
GRASS,26.319998,20.32,22.960001
GRASS,26.399998,20.4,21.76
GRASS,26.399998,20.4,21.84
GRASS,26.399998,20.4,21.92
GRASS,26.399998,20.4,22.0
GRASS,26.399998,20.4,22.08
GRASS,26.399998,20.4,22.16
GRASS,26.399998,20.4,22.24
GRASS,26.399998,20.4,22.32
GRASS,26.399998,20.4,22.4
GRASS,26.399998,20.4,22.48
GRASS,26.399998,20.4,22.56
GRASS,26.399998,20.4,22.64
GRASS,26.399998,20.4,22.72
GRASS,26.399998,20.4,22.8
GRASS,26.399998,20.4,22.880001
GRASS,26.399998,20.4,22.960001
GRASS,26.479998,20.4,21.76
GRASS,26.479998,20.4,21.84
GRASS,26.479998,20.4,21.92
GRASS,26.479998,20.4,22.0
GRASS,26.479998,20.4,22.08
GRASS,26.479998,20.4,22.16
GRASS,26.479998,20.4,22.24
GRASS,26.479998,20.4,22.32
GRASS,26.479998,20.4,22.4
GRASS,26.479998,20.4,22.48
GRASS,26.479998,20.4,22.56
BIRCH_LOG,26.479998,20.32,22.64
BIRCH_LOG,26.479998,20.24,22.64
BIRCH_LOG,26.479998,20.16,22.64
BIRCH_LOG,26.479998,20.08,22.64
BIRCH_LOG,26.479998,20.0,22.64
LEAF,26.479998,19.92,22.64
LEAF,26.399998,20.0,22.64
LEAF,26.559998,20.0,22.64
LEAF,26.479998,20.0,22.56
LEAF,26.479998,20.0,22.72
DIRT,26.479998,20.4,22.64
GRASS,26.479998,20.4,22.72
GRASS,26.479998,20.4,22.8
GRASS,26.479998,20.4,22.880001
LOG,26.479998,20.32,22.960001
LOG,26.479998,20.24,22.960001
LOG,26.479998,20.16,22.960001
LOG,26.479998,20.08,22.960001
LOG,26.479998,20.0,22.960001
LEAF,26.479998,19.92,22.960001
LEAF,26.399998,20.0,22.960001
LEAF,26.559998,20.0,22.960001
LEAF,26.479998,20.0,22.880001
LEAF,26.479998,20.0,23.04
DIRT,26.479998,20.4,22.960001
GRASS,26.559998,20.4,21.76
GRASS,26.559998,20.4,21.84
GRASS,26.559998,20.4,21.92
GRASS,26.559998,20.4,22.0
GRASS,26.559998,20.4,22.08
GRASS,26.559998,20.4,22.16
GRASS,26.559998,20.4,22.24
GRASS,26.559998,20.4,22.32
GRASS,26.559998,20.4,22.4
GRASS,26.559998,20.4,22.48
GRASS,26.559998,20.4,22.56
GRASS,26.559998,20.4,22.64
GRASS,26.559998,20.4,22.72
GRASS,26.559998,20.4,22.8
GRASS,26.559998,20.4,22.880001
GRASS,26.559998,20.4,22.960001
GRASS,26.64,20.4,21.76
GRASS,26.64,20.4,21.84
GRASS,26.64,20.4,21.92
GRASS,26.64,20.4,22.0
GRASS,26.64,20.4,22.08
GRASS,26.64,20.4,22.16
GRASS,26.64,20.4,22.24
GRASS,26.64,20.4,22.32
GRASS,26.64,20.4,22.4
GRASS,26.64,20.4,22.48
GRASS,26.64,20.4,22.56
GRASS,26.64,20.4,22.64
GRASS,26.64,20.4,22.72
GRASS,26.64,20.4,22.8
GRASS,26.64,20.4,22.880001
STONE,26.64,20.4,22.960001
GRASS,26.64,20.32,22.960001
GRASS,26.72,20.4,21.76
GRASS,26.72,20.4,21.84
GRASS,26.72,20.4,21.92
GRASS,26.72,20.4,22.0
GRASS,26.72,20.4,22.08
GRASS,26.72,20.4,22.16
GRASS,26.72,20.4,22.24
GRASS,26.72,20.4,22.32
GRASS,26.72,20.4,22.4
GRASS,26.72,20.4,22.48
GRASS,26.72,20.4,22.56
GRASS,26.72,20.4,22.64
GRASS,26.72,20.4,22.72
GRASS,26.72,20.4,22.8
STONE,26.72,20.4,22.880001
GRASS,26.72,20.32,22.880001
STONE,26.72,20.4,22.960001
GRASS,26.72,20.32,22.960001
GRASS,26.8,20.4,21.76
GRASS,26.8,20.4,21.84
GRASS,26.8,20.4,21.92
GRASS,26.8,20.4,22.0
GRASS,26.8,20.4,22.08
GRASS,26.8,20.4,22.16
GRASS,26.8,20.4,22.24
GRASS,26.8,20.4,22.32
GRASS,26.8,20.4,22.4
GRASS,26.8,20.4,22.48
GRASS,26.8,20.4,22.56
GRASS,26.8,20.4,22.64
GRASS,26.8,20.4,22.72
GRASS,26.8,20.4,22.8
GRASS,26.8,20.4,22.880001
STONE,26.8,20.4,22.960001
GRASS,26.8,20.32,22.960001
LEAF,26.079998,20.08,23.039999
