GRASS,28.16,20.4,25.599998
GRASS,28.16,20.4,25.679998
STONE,28.16,20.4,25.759998
GRASS,28.16,20.32,25.759998
GRASS,28.16,20.4,25.839998
GRASS,28.16,20.4,25.919998
GRASS,28.16,20.4,25.999998
GRASS,28.16,20.4,26.079998
GRASS,28.16,20.4,26.159998
GRASS,28.16,20.4,26.239998
GRASS,28.16,20.4,26.319998
GRASS,28.16,20.4,26.399998
GRASS,28.16,20.4,26.479998
GRASS,28.16,20.4,26.559998
GRASS,28.16,20.4,26.64
GRASS,28.16,20.4,26.72
GRASS,28.16,20.4,26.8
GRASS,28.24,20.4,25.599998
STONE,28.24,20.4,25.679998
GRASS,28.24,20.32,25.679998
STONE,28.24,20.4,25.759998
GRASS,28.24,20.32,25.759998
STONE,28.24,20.4,25.839998
GRASS,28.24,20.32,25.839998
GRASS,28.24,20.4,25.919998
GRASS,28.24,20.4,25.999998
GRASS,28.24,20.4,26.079998
GRASS,28.24,20.4,26.159998
GRASS,28.24,20.4,26.239998
GRASS,28.24,20.4,26.319998
GRASS,28.24,20.4,26.399998
GRASS,28.24,20.4,26.479998
GRASS,28.24,20.4,26.559998
GRASS,28.24,20.4,26.64
GRASS,28.24,20.4,26.72
GRASS,28.24,20.4,26.8
STONE,28.32,20.4,25.599998
GRASS,28.32,20.32,25.599998
STONE,28.32,20.4,25.679998
GRASS,28.32,20.32,25.679998
STONE,28.32,20.32,25.759998
STONE,28.32,20.4,25.759998
GRASS,28.32,20.24,25.759998
STONE,28.32,20.4,25.839998
GRASS,28.32,20.32,25.839998
STONE,28.32,20.4,25.919998
GRASS,28.32,20.32,25.919998
GRASS,28.32,20.4,25.999998
GRASS,28.32,20.4,26.079998
GRASS,28.32,20.4,26.159998
GRASS,28.32,20.4,26.239998
GRASS,28.32,20.4,26.319998
GRASS,28.32,20.4,26.399998
GRASS,28.32,20.4,26.479998
GRASS,28.32,20.4,26.559998
GRASS,28.32,20.4,26.64
GRASS,28.32,20.4,26.72
GRASS,28.32,20.4,26.8
GRASS,28.4,20.4,25.599998
STONE,28.4,20.4,25.679998
GRASS,28.4,20.32,25.679998
STONE,28.4,20.4,25.759998
GRASS,28.4,20.32,25.759998
STONE,28.4,20.4,25.839998
GRASS,28.4,20.32,25.839998
GRASS,28.4,20.4,25.919998
GRASS,28.4,20.4,25.999998
GRASS,28.4,20.4,26.079998
GRASS,28.4,20.4,26.159998
GRASS,28.4,20.4,26.239998
GRASS,28.4,20.4,26.319998
GRASS,28.4,20.4,26.399998
GRASS,28.4,20.4,26.479998
GRASS,28.4,20.4,26.559998
GRASS,28.4,20.4,26.64
GRASS,28.4,20.4,26.72
GRASS,28.4,20.4,26.8
GRASS,28.48,20.4,25.599998
GRASS,28.48,20.4,25.679998
STONE,28.48,20.4,25.759998
GRASS,28.48,20.32,25.759998
GRASS,28.48,20.4,25.839998
GRASS,28.48,20.4,25.919998
GRASS,28.48,20.4,25.999998
GRASS,28.48,20.4,26.079998
GRASS,28.48,20.4,26.159998
GRASS,28.48,20.4,26.239998
GRASS,28.48,20.4,26.319998
GRASS,28.48,20.4,26.399998
GRASS,28.48,20.4,26.479998
GRASS,28.48,20.4,26.559998
GRASS,28.48,20.4,26.64
GRASS,28.48,20.4,26.72
GRASS,28.48,20.4,26.8
GRASS,28.56,20.4,25.599998
BIRCH_LOG,28.56,20.32,25.679998
BIRCH_LOG,28.56,20.24,25.679998
BIRCH_LOG,28.56,20.16,25.679998
BIRCH_LOG,28.56,20.08,25.679998
BIRCH_LOG,28.56,20.0,25.679998
LEAF,28.56,19.92,25.679998
LEAF,28.48,20.0,25.679998
LEAF,28.64,20.0,25.679998
LEAF,28.56,20.0,25.759998
DIRT,28.56,20.4,25.679998
GRASS,28.56,20.4,25.759998
GRASS,28.56,20.4,25.839998
GRASS,28.56,20.4,25.919998
GRASS,28.56,20.4,25.999998
GRASS,28.56,20.4,26.079998
GRASS,28.56,20.4,26.159998
GRASS,28.56,20.4,26.239998
GRASS,28.56,20.4,26.319998
GRASS,28.56,20.4,26.399998
GRASS,28.56,20.4,26.479998
GRASS,28.56,20.4,26.559998
GRASS,28.56,20.4,26.64
GRASS,28.56,20.4,26.72
GRASS,28.56,20.4,26.8
GRASS,28.64,20.4,25.599998
GRASS,28.64,20.4,25.679998
GRASS,28.64,20.4,25.759998
GRASS,28.64,20.4,25.839998
GRASS,28.64,20.4,25.919998
GRASS,28.64,20.4,25.999998
GRASS,28.64,20.4,26.079998
GRASS,28.64,20.4,26.159998
GRASS,28.64,20.4,26.239998
GRASS,28.64,20.4,26.319998
GRASS,28.64,20.4,26.399998
GRASS,28.64,20.4,26.479998
GRASS,28.64,20.4,26.559998
GRASS,28.64,20.4,26.64
GRASS,28.64,20.4,26.72
GRASS,28.64,20.4,26.8
GRASS,28.72,20.4,25.599998
GRASS,28.72,20.4,25.679998
GRASS,28.72,20.4,25.759998
GRASS,28.72,20.4,25.839998
GRASS,28.72,20.4,25.919998
GRASS,28.72,20.4,25.999998
GRASS,28.72,20.4,26.079998
GRASS,28.72,20.4,26.159998
GRASS,28.72,20.4,26.239998
GRASS,28.72,20.4,26.319998
GRASS,28.72,20.4,26.399998
GRASS,28.72,20.4,26.479998
GRASS,28.72,20.4,26.559998
GRASS,28.72,20.4,26.64
GRASS,28.72,20.4,26.72
GRASS,28.72,20.4,26.8
GRASS,28.8,20.4,25.599998
GRASS,28.8,20.4,25.679998
GRASS,28.8,20.4,25.759998
GRASS,28.8,20.4,25.839998
GRASS,28.8,20.4,25.919998
GRASS,28.8,20.4,25.999998
GRASS,28.8,20.4,26.079998
GRASS,28.8,20.4,26.159998
GRASS,28.8,20.4,26.239998
GRASS,28.8,20.4,26.319998
GRASS,28.8,20.4,26.399998
GRASS,28.8,20.4,26.479998
GRASS,28.8,20.4,26.559998
GRASS,28.8,20.4,26.64
GRASS,28.8,20.4,26.72
STONE,28.8,20.4,26.8
GRASS,28.8,20.32,26.8
GRASS,28.88,20.4,25.599998
GRASS,28.88,20.4,25.679998
GRASS,28.88,20.4,25.759998
GRASS,28.88,20.4,25.839998
GRASS,28.88,20.4,25.919998
GRASS,28.88,20.4,25.999998
GRASS,28.88,20.4,26.079998
GRASS,28.88,20.4,26.159998
GRASS,28.88,20.4,26.239998
GRASS,28.88,20.4,26.319998
GRASS,28.88,20.4,26.399998
GRASS,28.88,20.4,26.479998
GRASS,28.88,20.4,26.559998
GRASS,28.88,20.4,26.64
STONE,28.88,20.4,26.72
GRASS,28.88,20.32,26.72
STONE,28.88,20.4,26.8
GRASS,28.88,20.32,26.8
GRASS,28.96,20.4,25.599998
GRASS,28.96,20.4,25.679998
GRASS,28.96,20.4,25.759998
GRASS,28.96,20.4,25.839998
GRASS,28.96,20.4,25.919998
GRASS,28.96,20.4,25.999998
GRASS,28.96,20.4,26.079998
GRASS,28.96,20.4,26.159998
GRASS,28.96,20.4,26.239998
GRASS,28.96,20.4,26.319998
STONE,28.96,20.4,26.399998
GRASS,28.96,20.32,26.399998
GRASS,28.96,20.4,26.479998
GRASS,28.96,20.4,26.559998
STONE,28.96,20.4,26.64
GRASS,28.96,20.32,26.64
GRASS,28.96,20.4,26.72
STONE,28.96,20.4,26.8
GRASS,28.96,20.32,26.8
GRASS,29.039999,20.4,25.599998
GRASS,29.039999,20.4,25.679998
GRASS,29.039999,20.4,25.759998
GRASS,29.039999,20.4,25.839998
GRASS,29.039999,20.4,25.919998
GRASS,29.039999,20.4,25.999998
GRASS,29.039999,20.4,26.079998
GRASS,29.039999,20.4,26.159998
GRASS,29.039999,20.4,26.239998
STONE,29.039999,20.4,26.319998
GRASS,29.039999,20.32,26.319998
STONE,29.039999,20.4,26.399998
GRASS,29.039999,20.32,26.399998
STONE,29.039999,20.4,26.479998
GRASS,29.039999,20.32,26.479998
STONE,29.039999,20.4,26.559998
GRASS,29.039999,20.32,26.559998
STONE,29.039999,20.4,26.64
GRASS,29.039999,20.32,26.64
STONE,29.039999,20.4,26.72
GRASS,29.039999,20.32,26.72
GRASS,29.039999,20.4,26.8
GRASS,29.119999,20.4,25.599998
GRASS,29.119999,20.4,25.679998
GRASS,29.119999,20.4,25.759998
GRASS,29.119999,20.4,25.839998
GRASS,29.119999,20.4,25.919998
GRASS,29.119999,20.4,25.999998
GRASS,29.119999,20.4,26.079998
GRASS,29.119999,20.4,26.159998
GRASS,29.119999,20.4,26.239998
GRASS,29.119999,20.4,26.319998
STONE,29.119999,20.4,26.399998
GRASS,29.119999,20.32,26.399998
GRASS,29.119999,20.4,26.479998
GRASS,29.119999,20.4,26.559998
STONE,29.119999,20.4,26.64
GRASS,29.119999,20.32,26.64
GRASS,29.119999,20.4,26.72
GRASS,29.119999,20.4,26.8
GRASS,29.2,20.4,25.599998
LOG,29.2,20.32,25.679998
LOG,29.2,20.24,25.679998
LOG,29.2,20.16,25.679998
LOG,29.2,20.08,25.679998
LEAF,29.2,20.0,25.679998
LEAF,29.12,20.08,25.679998
LEAF,29.28,20.08,25.679998
LEAF,29.2,20.08,25.759998
DIRT,29.2,20.4,25.679998
GRASS,29.2,20.4,25.759998
GRASS,29.2,20.4,25.839998
GRASS,29.2,20.4,25.919998
GRASS,29.2,20.4,25.999998
GRASS,29.2,20.4,26.079998
GRASS,29.2,20.4,26.159998
GRASS,29.2,20.4,26.239998
GRASS,29.2,20.4,26.319998
GRASS,29.2,20.4,26.399998
GRASS,29.2,20.4,26.479998
GRASS,29.2,20.4,26.559998
GRASS,29.2,20.4,26.64
GRASS,29.2,20.4,26.72
GRASS,29.2,20.4,26.8
GRASS,29.28,20.4,25.599998
GRASS,29.28,20.4,25.679998
GRASS,29.28,20.4,25.759998
GRASS,29.28,20.4,25.839998
GRASS,29.28,20.4,25.919998
GRASS,29.28,20.4,25.999998
GRASS,29.28,20.4,26.079998
GRASS,29.28,20.4,26.159998
STONE,29.28,20.4,26.239998
GRASS,29.28,20.32,26.239998
GRASS,29.28,20.4,26.319998
GRASS,29.28,20.4,26.399998
GRASS,29.28,20.4,26.479998
GRASS,29.28,20.4,26.559998
GRASS,29.28,20.4,26.64
GRASS,29.28,20.4,26.72
STONE,29.28,20.4,26.8
GRASS,29.28,20.32,26.8
GRASS,29.36,20.4,25.599998
GRASS,29.36,20.4,25.679998
GRASS,29.36,20.4,25.759998
GRASS,29.36,20.4,25.839998
GRASS,29.36,20.4,25.919998
GRASS,29.36,20.4,25.999998
GRASS,29.36,20.4,26.079998
STONE,29.36,20.4,26.159998
GRASS,29.36,20.32,26.159998
STONE,29.36,20.4,26.239998
GRASS,29.36,20.32,26.239998
STONE,29.36,20.4,26.319998
GRASS,29.36,20.32,26.319998
GRASS,29.36,20.4,26.399998
GRASS,29.36,20.4,26.479998
GRASS,29.36,20.4,26.559998
GRASS,29.36,20.4,26.64
STONE,29.36,20.4,26.72
GRASS,29.36,20.32,26.72
STONE,29.36,20.4,26.8
GRASS,29.36,20.32,26.8
