GRASS,28.16,20.4,26.88
GRASS,28.16,20.4,26.96
GRASS,28.16,20.4,27.039999
GRASS,28.16,20.4,27.119999
GRASS,28.16,20.4,27.199999
GRASS,28.16,20.4,27.279999
GRASS,28.16,20.4,27.359999
GRASS,28.16,20.4,27.439999
GRASS,28.16,20.4,27.519999
GRASS,28.16,20.4,27.599998
GRASS,28.16,20.4,27.679998
GRASS,28.16,20.4,27.759998
GRASS,28.16,20.4,27.839998
GRASS,28.16,20.4,27.919998
GRASS,28.16,20.4,28.0
GRASS,28.16,20.4,28.08
GRASS,28.24,20.4,26.88
GRASS,28.24,20.4,26.96
GRASS,28.24,20.4,27.039999
GRASS,28.24,20.4,27.119999
GRASS,28.24,20.4,27.199999
GRASS,28.24,20.4,27.279999
GRASS,28.24,20.4,27.359999
GRASS,28.24,20.4,27.439999
GRASS,28.24,20.4,27.519999
GRASS,28.24,20.4,27.599998
GRASS,28.24,20.4,27.679998
GRASS,28.24,20.4,27.759998
GRASS,28.24,20.4,27.839998
GRASS,28.24,20.4,27.919998
GRASS,28.24,20.4,28.0
GRASS,28.24,20.4,28.08
GRASS,28.32,20.4,26.88
GRASS,28.32,20.4,26.96
GRASS,28.32,20.4,27.039999
GRASS,28.32,20.4,27.119999
GRASS,28.32,20.4,27.199999
GRASS,28.32,20.4,27.279999
GRASS,28.32,20.4,27.359999
GRASS,28.32,20.4,27.439999
GRASS,28.32,20.4,27.519999
GRASS,28.32,20.4,27.599998
GRASS,28.32,20.4,27.679998
GRASS,28.32,20.4,27.759998
GRASS,28.32,20.4,27.839998
GRASS,28.32,20.4,27.919998
GRASS,28.32,20.4,28.0
GRASS,28.32,20.4,28.08
GRASS,28.4,20.4,26.88
GRASS,28.4,20.4,26.96
GRASS,28.4,20.4,27.039999
GRASS,28.4,20.4,27.119999
GRASS,28.4,20.4,27.199999
GRASS,28.4,20.4,27.279999
GRASS,28.4,20.4,27.359999
GRASS,28.4,20.4,27.439999
GRASS,28.4,20.4,27.519999
GRASS,28.4,20.4,27.599998
GRASS,28.4,20.4,27.679998
GRASS,28.4,20.4,27.759998
GRASS,28.4,20.4,27.839998
GRASS,28.4,20.4,27.919998
GRASS,28.4,20.4,28.0
GRASS,28.4,20.4,28.08
GRASS,28.48,20.4,26.88
GRASS,28.48,20.4,26.96
GRASS,28.48,20.4,27.039999
GRASS,28.48,20.4,27.119999
GRASS,28.48,20.4,27.199999
GRASS,28.48,20.4,27.279999
GRASS,28.48,20.4,27.359999
GRASS,28.48,20.4,27.439999
GRASS,28.48,20.4,27.519999
GRASS,28.48,20.4,27.599998
GRASS,28.48,20.4,27.679998
GRASS,28.48,20.4,27.759998
GRASS,28.48,20.4,27.839998
GRASS,28.48,20.4,27.919998
GRASS,28.48,20.4,28.0
GRASS,28.48,20.4,28.08
GRASS,28.56,20.4,26.88
GRASS,28.56,20.4,26.96
GRASS,28.56,20.4,27.039999
GRASS,28.56,20.4,27.119999
GRASS,28.56,20.4,27.199999
GRASS,28.56,20.4,27.279999
GRASS,28.56,20.4,27.359999
GRASS,28.56,20.4,27.439999
GRASS,28.56,20.4,27.519999
GRASS,28.56,20.4,27.599998
GRASS,28.56,20.4,27.679998
GRASS,28.56,20.4,27.759998
GRASS,28.56,20.4,27.839998
GRASS,28.56,20.4,27.919998
GRASS,28.56,20.4,28.0
GRASS,28.56,20.4,28.08
GRASS,28.64,20.4,26.88
GRASS,28.64,20.4,26.96
GRASS,28.64,20.4,27.039999
GRASS,28.64,20.4,27.119999
STONE,28.64,20.4,27.199999
GRASS,28.64,20.32,27.199999
GRASS,28.64,20.4,27.279999
GRASS,28.64,20.4,27.359999
GRASS,28.64,20.4,27.439999
GRASS,28.64,20.4,27.519999
GRASS,28.64,20.4,27.599998
GRASS,28.64,20.4,27.679998
GRASS,28.64,20.4,27.759998
GRASS,28.64,20.4,27.839998
GRASS,28.64,20.4,27.919998
GRASS,28.64,20.4,28.0
GRASS,28.64,20.4,28.08
STONE,28.72,20.4,26.88
GRASS,28.72,20.32,26.88
GRASS,28.72,20.4,26.96
GRASS,28.72,20.4,27.039999
STONE,28.72,20.4,27.119999
GRASS,28.72,20.32,27.119999
STONE,28.72,20.4,27.199999
GRASS,28.72,20.32,27.199999
STONE,28.72,20.4,27.279999
GRASS,28.72,20.32,27.279999
GRASS,28.72,20.4,27.359999
GRASS,28.72,20.4,27.439999
GRASS,28.72,20.4,27.519999
GRASS,28.72,20.4,27.599998
GRASS,28.72,20.4,27.679998
GRASS,28.72,20.4,27.759998
GRASS,28.72,20.4,27.839998
GRASS,28.72,20.4,27.919998
GRASS,28.72,20.4,28.0
GRASS,28.72,20.4,28.08
STONE,28.8,20.4,26.88
GRASS,28.8,20.32,26.88
STONE,28.8,20.4,26.96
GRASS,28.8,20.32,26.96
GRASS,28.8,20.4,27.039999
GRASS,28.8,20.4,27.119999
STONE,28.8,20.4,27.199999
GRASS,28.8,20.32,27.199999
GRASS,28.8,20.4,27.279999
GRASS,28.8,20.4,27.359999
GRASS,28.8,20.4,27.439999
GRASS,28.8,20.4,27.519999
GRASS,28.8,20.4,27.599998
GRASS,28.8,20.4,27.679998
GRASS,28.8,20.4,27.759998
GRASS,28.8,20.4,27.839998
GRASS,28.8,20.4,27.919998
GRASS,28.8,20.4,28.0
GRASS,28.8,20.4,28.08
STONE,28.88,20.32,26.88
STONE,28.88,20.4,26.88
GRASS,28.88,20.24,26.88
STONE,28.88,20.4,26.96
GRASS,28.88,20.32,26.96
STONE,28.88,20.4,27.039999
GRASS,28.88,20.32,27.039999
GRASS,28.88,20.4,27.119999
GRASS,28.88,20.4,27.199999
GRASS,28.88,20.4,27.279999
GRASS,28.88,20.4,27.359999
GRASS,28.88,20.4,27.439999
GRASS,28.88,20.4,27.519999
GRASS,28.88,20.4,27.599998
GRASS,28.88,20.4,27.679998
GRASS,28.88,20.4,27.759998
GRASS,28.88,20.4,27.839998
GRASS,28.88,20.4,27.919998
GRASS,28.88,20.4,28.0
GRASS,28.88,20.4,28.08
STONE,28.96,20.4,26.88
GRASS,28.96,20.32,26.88
STONE,28.96,20.4,26.96
GRASS,28.96,20.32,26.96
GRASS,28.96,20.4,27.039999
GRASS,28.96,20.4,27.119999
GRASS,28.96,20.4,27.199999
GRASS,28.96,20.4,27.279999
GRASS,28.96,20.4,27.359999
GRASS,28.96,20.4,27.439999
GRASS,28.96,20.4,27.519999
GRASS,28.96,20.4,27.599998
GRASS,28.96,20.4,27.679998
GRASS,28.96,20.4,27.759998
GRASS,28.96,20.4,27.839998
GRASS,28.96,20.4,27.919998
GRASS,28.96,20.4,28.0
GRASS,28.96,20.4,28.08
STONE,29.039999,20.4,26.88
GRASS,29.039999,20.32,26.88
GRASS,29.039999,20.4,26.96
GRASS,29.039999,20.4,27.039999
GRASS,29.039999,20.4,27.119999
GRASS,29.039999,20.4,27.199999
GRASS,29.039999,20.4,27.279999
GRASS,29.039999,20.4,27.359999
GRASS,29.039999,20.4,27.439999
GRASS,29.039999,20.4,27.519999
GRASS,29.039999,20.4,27.599998
GRASS,29.039999,20.4,27.679998
BIRCH_LOG,29.039999,20.32,27.759998
BIRCH_LOG,29.039999,20.24,27.759998
BIRCH_LOG,29.039999,20.16,27.759998
BIRCH_LOG,29.039999,20.08,27.759998
LEAF,29.039999,20.0,27.759998
LEAF,28.96,20.08,27.759998
LEAF,29.119999,20.08,27.759998
LEAF,29.039999,20.08,27.679998
LEAF,29.039999,20.08,27.839998
DIRT,29.039999,20.4,27.759998
GRASS,29.039999,20.4,27.839998
GRASS,29.039999,20.4,27.919998
GRASS,29.039999,20.4,28.0
GRASS,29.039999,20.4,28.08
GRASS,29.119999,20.4,26.88
GRASS,29.119999,20.4,26.96
GRASS,29.119999,20.4,27.039999
GRASS,29.119999,20.4,27.119999
GRASS,29.119999,20.4,27.199999
GRASS,29.119999,20.4,27.279999
GRASS,29.119999,20.4,27.359999
GRASS,29.119999,20.4,27.439999
GRASS,29.119999,20.4,27.519999
GRASS,29.119999,20.4,27.599998
GRASS,29.119999,20.4,27.679998
GRASS,29.119999,20.4,27.759998
GRASS,29.119999,20.4,27.839998
GRASS,29.119999,20.4,27.919998
GRASS,29.119999,20.4,28.0
GRASS,29.119999,20.4,28.08
GRASS,29.2,20.4,26.88
GRASS,29.2,20.4,26.96
GRASS,29.2,20.4,27.039999
GRASS,29.2,20.4,27.119999
GRASS,29.2,20.4,27.199999
GRASS,29.2,20.4,27.279999
GRASS,29.2,20.4,27.359999
GRASS,29.2,20.4,27.439999
GRASS,29.2,20.4,27.519999
GRASS,29.2,20.4,27.599998
GRASS,29.2,20.4,27.679998
GRASS,29.2,20.4,27.759998
GRASS,29.2,20.4,27.839998
GRASS,29.2,20.4,27.919998
GRASS,29.2,20.4,28.0
GRASS,29.2,20.4,28.08
GRASS,29.28,20.4,26.88
GRASS,29.28,20.4,26.96
STONE,29.28,20.4,27.039999
GRASS,29.28,20.32,27.039999
GRASS,29.28,20.4,27.119999
GRASS,29.28,20.4,27.199999
GRASS,29.28,20.4,27.279999
GRASS,29.28,20.4,27.359999
GRASS,29.28,20.4,27.439999
GRASS,29.28,20.4,27.519999
GRASS,29.28,20.4,27.599998
GRASS,29.28,20.4,27.679998
GRASS,29.28,20.4,27.759998
GRASS,29.28,20.4,27.839998
GRASS,29.28,20.4,27.919998
GRASS,29.28,20.4,28.0
GRASS,29.28,20.4,28.08
STONE,29.36,20.4,26.88
GRASS,29.36,20.32,26.88
GRASS,29.36,20.4,26.96
GRASS,29.36,20.4,27.039999
GRASS,29.36,20.4,27.119999
GRASS,29.36,20.4,27.199999
GRASS,29.36,20.4,27.279999
GRASS,29.36,20.4,27.359999
GRASS,29.36,20.4,27.439999
GRASS,29.36,20.4,27.519999
GRASS,29.36,20.4,27.599998
GRASS,29.36,20.4,27.679998
GRASS,29.36,20.4,27.759998
GRASS,29.36,20.4,27.839998
GRASS,29.36,20.4,27.919998
GRASS,29.36,20.4,28.0
GRASS,29.36,20.4,28.08
LOG,29.439999,20.32,27.679998
LOG,29.439999,20.24,27.679998
LOG,29.439999,20.16,27.679998
LOG,29.439999,20.08,27.679998
LOG,29.439999,20.0,27.679998
LEAF,29.439999,19.92,27.679998
LEAF,29.359999,20.0,27.679998
LEAF,29.439999,20.0,27.599998
LEAF,29.439999,20.0,27.759998
