STONE,29.439999,20.4,26.88
GRASS,29.439999,20.32,26.88
STONE,29.439999,20.4,26.96
GRASS,29.439999,20.32,26.96
GRASS,29.439999,20.4,27.039999
GRASS,29.439999,20.4,27.119999
GRASS,29.439999,20.4,27.199999
GRASS,29.439999,20.4,27.279999
GRASS,29.439999,20.4,27.359999
GRASS,29.439999,20.4,27.439999
GRASS,29.439999,20.4,27.519999
GRASS,29.439999,20.4,27.599998
LEAF,29.519999,20.0,27.679998
DIRT,29.439999,20.4,27.679998
GRASS,29.439999,20.4,27.759998
GRASS,29.439999,20.4,27.839998
GRASS,29.439999,20.4,27.919998
GRASS,29.439999,20.4,28.0
GRASS,29.439999,20.4,28.08
STONE,29.519999,20.4,26.88
GRASS,29.519999,20.32,26.88
GRASS,29.519999,20.4,26.96
GRASS,29.519999,20.4,27.039999
GRASS,29.519999,20.4,27.119999
GRASS,29.519999,20.4,27.199999
GRASS,29.519999,20.4,27.279999
GRASS,29.519999,20.4,27.359999
GRASS,29.519999,20.4,27.439999
GRASS,29.519999,20.4,27.519999
GRASS,29.519999,20.4,27.599998
GRASS,29.519999,20.4,27.679998
GRASS,29.519999,20.4,27.759998
GRASS,29.519999,20.4,27.839998
GRASS,29.519999,20.4,27.919998
GRASS,29.519999,20.4,28.0
GRASS,29.519999,20.4,28.08
GRASS,29.599998,20.4,26.88
GRASS,29.599998,20.4,26.96
GRASS,29.599998,20.4,27.039999
GRASS,29.599998,20.4,27.119999
GRASS,29.599998,20.4,27.199999
GRASS,29.599998,20.4,27.279999
GRASS,29.599998,20.4,27.359999
GRASS,29.599998,20.4,27.439999
GRASS,29.599998,20.4,27.519999
GRASS,29.599998,20.4,27.599998
GRASS,29.599998,20.4,27.679998
GRASS,29.599998,20.4,27.759998
GRASS,29.599998,20.4,27.839998
GRASS,29.599998,20.4,27.919998
GRASS,29.599998,20.4,28.0
GRASS,29.599998,20.4,28.08
GRASS,29.679998,20.4,26.88
GRASS,29.679998,20.4,26.96
GRASS,29.679998,20.4,27.039999
GRASS,29.679998,20.4,27.119999
GRASS,29.679998,20.4,27.199999
GRASS,29.679998,20.4,27.279999
GRASS,29.679998,20.4,27.359999
GRASS,29.679998,20.4,27.439999
GRASS,29.679998,20.4,27.519999
GRASS,29.679998,20.4,27.599998
GRASS,29.679998,20.4,27.679998
GRASS,29.679998,20.4,27.759998
GRASS,29.679998,20.4,27.839998
GRASS,29.679998,20.4,27.919998
GRASS,29.679998,20.4,28.0
GRASS,29.679998,20.4,28.08
GRASS,29.759998,20.4,26.88
GRASS,29.759998,20.4,26.96
GRASS,29.759998,20.4,27.039999
GRASS,29.759998,20.4,27.119999
GRASS,29.759998,20.4,27.199999
GRASS,29.759998,20.4,27.279999
GRASS,29.759998,20.4,27.359999
GRASS,29.759998,20.4,27.439999
GRASS,29.759998,20.4,27.519999
GRASS,29.759998,20.4,27.599998
GRASS,29.759998,20.4,27.679998
GRASS,29.759998,20.4,27.759998
GRASS,29.759998,20.4,27.839998
GRASS,29.759998,20.4,27.919998
GRASS,29.759998,20.4,28.0
GRASS,29.759998,20.4,28.08
GRASS,29.839998,20.4,26.88
GRASS,29.839998,20.4,26.96
GRASS,29.839998,20.4,27.039999
GRASS,29.839998,20.4,27.119999
GRASS,29.839998,20.4,27.199999
GRASS,29.839998,20.4,27.279999
GRASS,29.839998,20.4,27.359999
GRASS,29.839998,20.4,27.439999
GRASS,29.839998,20.4,27.519999
GRASS,29.839998,20.4,27.599998
GRASS,29.839998,20.4,27.679998
GRASS,29.839998,20.4,27.759998
GRASS,29.839998,20.4,27.839998
GRASS,29.839998,20.4,27.919998
GRASS,29.839998,20.4,28.0
GRASS,29.839998,20.4,28.08
GRASS,29.919998,20.4,26.88
GRASS,29.919998,20.4,26.96
GRASS,29.919998,20.4,27.039999
GRASS,29.919998,20.4,27.119999
GRASS,29.919998,20.4,27.199999
GRASS,29.919998,20.4,27.279999
GRASS,29.919998,20.4,27.359999
GRASS,29.919998,20.4,27.439999
GRASS,29.919998,20.4,27.519999
GRASS,29.919998,20.4,27.599998
GRASS,29.919998,20.4,27.679998
GRASS,29.919998,20.4,27.759998
GRASS,29.919998,20.4,27.839998
GRASS,29.919998,20.4,27.919998
GRASS,29.919998,20.4,28.0
GRASS,29.919998,20.4,28.08
GRASS,29.999998,20.4,26.88
GRASS,29.999998,20.4,26.96
GRASS,29.999998,20.4,27.039999
GRASS,29.999998,20.4,27.119999
GRASS,29.999998,20.4,27.199999
GRASS,29.999998,20.4,27.279999
GRASS,29.999998,20.4,27.359999
GRASS,29.999998,20.4,27.439999
GRASS,29.999998,20.4,27.519999
GRASS,29.999998,20.4,27.599998
GRASS,29.999998,20.4,27.679998
GRASS,29.999998,20.4,27.759998
GRASS,29.999998,20.4,27.839998
GRASS,29.999998,20.4,27.919998
GRASS,29.999998,20.4,28.0
GRASS,29.999998,20.4,28.08
GRASS,30.079998,20.4,26.88
GRASS,30.079998,20.4,26.96
GRASS,30.079998,20.4,27.039999
GRASS,30.079998,20.4,27.119999
GRASS,30.079998,20.4,27.199999
GRASS,30.079998,20.4,27.279999
GRASS,30.079998,20.4,27.359999
GRASS,30.079998,20.4,27.439999
GRASS,30.079998,20.4,27.519999
GRASS,30.079998,20.4,27.599998
GRASS,30.079998,20.4,27.679998
GRASS,30.079998,20.4,27.759998
GRASS,30.079998,20.4,27.839998
GRASS,30.079998,20.4,27.919998
GRASS,30.079998,20.4,28.0
GRASS,30.079998,20.4,28.08
GRASS,30.159998,20.4,26.88
GRASS,30.159998,20.4,26.96
GRASS,30.159998,20.4,27.039999
GRASS,30.159998,20.4,27.119999
GRASS,30.159998,20.4,27.199999
GRASS,30.159998,20.4,27.279999
GRASS,30.159998,20.4,27.359999
GRASS,30.159998,20.4,27.439999
GRASS,30.159998,20.4,27.519999
GRASS,30.159998,20.4,27.599998
GRASS,30.159998,20.4,27.679998
GRASS,30.159998,20.4,27.759998
GRASS,30.159998,20.4,27.839998
GRASS,30.159998,20.4,27.919998
GRASS,30.159998,20.4,28.0
GRASS,30.159998,20.4,28.08
GRASS,30.239998,20.4,26.88
GRASS,30.239998,20.4,26.96
GRASS,30.239998,20.4,27.039999
GRASS,30.239998,20.4,27.119999
GRASS,30.239998,20.4,27.199999
GRASS,30.239998,20.4,27.279999
GRASS,30.239998,20.4,27.359999
GRASS,30.239998,20.4,27.439999
GRASS,30.239998,20.4,27.519999
GRASS,30.239998,20.4,27.599998
GRASS,30.239998,20.4,27.679998
GRASS,30.239998,20.4,27.759998
GRASS,30.239998,20.4,27.839998
GRASS,30.239998,20.4,27.919998
GRASS,30.239998,20.4,28.0
GRASS,30.239998,20.4,28.08
GRASS,30.319998,20.4,26.88
GRASS,30.319998,20.4,26.96
GRASS,30.319998,20.4,27.039999
GRASS,30.319998,20.4,27.119999
GRASS,30.319998,20.4,27.199999
GRASS,30.319998,20.4,27.279999
GRASS,30.319998,20.4,27.359999
GRASS,30.319998,20.4,27.439999
GRASS,30.319998,20.4,27.519999
GRASS,30.319998,20.4,27.599998
GRASS,30.319998,20.4,27.679998
STONE,30.319998,20.4,27.759998
GRASS,30.319998,20.32,27.759998
GRASS,30.319998,20.4,27.839998
GRASS,30.319998,20.4,27.919998
GRASS,30.319998,20.4,28.0
GRASS,30.319998,20.4,28.08
GRASS,30.399998,20.4,26.88
STONE,30.399998,20.4,26.96
GRASS,30.399998,20.32,26.96
GRASS,30.399998,20.4,27.039999
GRASS,30.399998,20.4,27.119999
GRASS,30.399998,20.4,27.199999
GRASS,30.399998,20.4,27.279999
GRASS,30.399998,20.4,27.359999
GRASS,30.399998,20.4,27.439999
GRASS,30.399998,20.4,27.519999
GRASS,30.399998,20.4,27.599998
STONE,30.399998,20.4,27.679998
GRASS,30.399998,20.32,27.679998
STONE,30.399998,20.4,27.759998
GRASS,30.399998,20.32,27.759998
STONE,30.399998,20.4,27.839998
GRASS,30.399998,20.32,27.839998
STONE,30.399998,20.4,27.919998
GRASS,30.399998,20.32,27.919998
GRASS,30.399998,20.4,28.0
GRASS,30.399998,20.4,28.08
GRASS,30.48,20.4,26.88
STONE,30.48,20.4,26.96
GRASS,30.48,20.32,26.96
GRASS,30.48,20.4,27.039999
GRASS,30.48,20.4,27.119999
GRASS,30.48,20.4,27.199999
GRASS,30.48,20.4,27.279999
GRASS,30.48,20.4,27.359999
GRASS,30.48,20.4,27.439999
GRASS,30.48,20.4,27.519999
STONE,30.48,20.4,27.599998
GRASS,30.48,20.32,27.599998
STONE,30.48,20.4,27.679998
GRASS,30.48,20.32,27.679998
STONE,30.48,20.32,27.759998
STONE,30.48,20.4,27.759998
GRASS,30.48,20.24,27.759998
STONE,30.48,20.4,27.839998
GRASS,30.48,20.32,27.839998
STONE,30.48,20.4,27.919998
GRASS,30.48,20.32,27.919998
STONE,30.48,20.4,28.0
GRASS,30.48,20.32,28.0
GRASS,30.48,20.4,28.08
STONE,30.56,20.4,26.88
GRASS,30.56,20.32,26.88
STONE,30.56,20.4,26.96
GRASS,30.56,20.32,26.96
STONE,30.56,20.4,27.039999
GRASS,30.56,20.32,27.039999
GRASS,30.56,20.4,27.119999
GRASS,30.56,20.4,27.199999
GRASS,30.56,20.4,27.279999
GRASS,30.56,20.4,27.359999
GRASS,30.56,20.4,27.439999
GRASS,30.56,20.4,27.519999
STONE,30.56,20.4,27.599998
GRASS,30.56,20.32,27.599998
STONE,30.56,20.4,27.679998
GRASS,30.56,20.32,27.679998
STONE,30.56,20.4,27.759998
GRASS,30.56,20.32,27.759998
STONE,30.56,20.4,27.839998
GRASS,30.56,20.32,27.839998
STONE,30.56,20.32,27.919998
STONE,30.56,20.4,27.919998
GRASS,30.56,20.24,27.919998
STONE,30.56,20.4,28.0
GRASS,30.56,20.32,28.0
STONE,30.56,20.4,28.08
GRASS,30.56,20.32,28.08
GRASS,30.64,20.4,26.88
STONE,30.64,20.4,26.96
GRASS,30.64,20.32,26.96
GRASS,30.64,20.4,27.039999
GRASS,30.64,20.4,27.119999
STONE,30.64,20.4,27.199999
GRASS,30.64,20.32,27.199999
GRASS,30.64,20.4,27.279999
GRASS,30.64,20.4,27.359999
GRASS,30.64,20.4,27.439999
STONE,30.64,20.4,27.519999
GRASS,30.64,20.32,27.519999
STONE,30.64,20.4,27.599998
GRASS,30.64,20.32,27.599998
STONE,30.64,20.4,27.679998
GRASS,30.64,20.32,27.679998
STONE,30.64,20.4,27.759998
GRASS,30.64,20.32,27.759998
STONE,30.64,20.4,27.839998
GRASS,30.64,20.32,27.839998
STONE,30.64,20.4,27.919998
GRASS,30.64,20.32,27.919998
STONE,30.64,20.4,28.0
GRASS,30.64,20.32,28.0
GRASS,30.64,20.4,28.08
