GRASS,29.439999,20.4,28.16
GRASS,29.439999,20.4,28.24
GRASS,29.439999,20.4,28.32
GRASS,29.439999,20.4,28.4
GRASS,29.439999,20.4,28.48
GRASS,29.439999,20.4,28.56
GRASS,29.439999,20.4,28.64
GRASS,29.439999,20.4,28.72
STONE,29.439999,20.4,28.8
GRASS,29.439999,20.32,28.8
GRASS,29.439999,20.4,28.88
GRASS,29.439999,20.4,28.96
GRASS,29.439999,20.4,29.039999
GRASS,29.439999,20.4,29.119999
GRASS,29.439999,20.4,29.2
GRASS,29.439999,20.4,29.28
GRASS,29.439999,20.4,29.36
GRASS,29.519999,20.4,28.16
GRASS,29.519999,20.4,28.24
GRASS,29.519999,20.4,28.32
GRASS,29.519999,20.4,28.4
GRASS,29.519999,20.4,28.48
GRASS,29.519999,20.4,28.56
GRASS,29.519999,20.4,28.64
STONE,29.519999,20.4,28.72
GRASS,29.519999,20.32,28.72
STONE,29.519999,20.4,28.8
GRASS,29.519999,20.32,28.8
STONE,29.519999,20.4,28.88
GRASS,29.519999,20.32,28.88
GRASS,29.519999,20.4,28.96
GRASS,29.519999,20.4,29.039999
GRASS,29.519999,20.4,29.119999
GRASS,29.519999,20.4,29.2
GRASS,29.519999,20.4,29.28
GRASS,29.519999,20.4,29.36
GRASS,29.599998,20.4,28.16
GRASS,29.599998,20.4,28.24
GRASS,29.599998,20.4,28.32
GRASS,29.599998,20.4,28.4
GRASS,29.599998,20.4,28.48
GRASS,29.599998,20.4,28.56
GRASS,29.599998,20.4,28.64
GRASS,29.599998,20.4,28.72
STONE,29.599998,20.4,28.8
GRASS,29.599998,20.32,28.8
GRASS,29.599998,20.4,28.88
GRASS,29.599998,20.4,28.96
GRASS,29.599998,20.4,29.039999
GRASS,29.599998,20.4,29.119999
GRASS,29.599998,20.4,29.2
GRASS,29.599998,20.4,29.28
GRASS,29.599998,20.4,29.36
GRASS,29.679998,20.4,28.16
GRASS,29.679998,20.4,28.24
GRASS,29.679998,20.4,28.32
GRASS,29.679998,20.4,28.4
GRASS,29.679998,20.4,28.48
GRASS,29.679998,20.4,28.56
GRASS,29.679998,20.4,28.64
GRASS,29.679998,20.4,28.72
GRASS,29.679998,20.4,28.8
GRASS,29.679998,20.4,28.88
GRASS,29.679998,20.4,28.96
GRASS,29.679998,20.4,29.039999
GRASS,29.679998,20.4,29.119999
GRASS,29.679998,20.4,29.2
GRASS,29.679998,20.4,29.28
GRASS,29.679998,20.4,29.36
GRASS,29.759998,20.4,28.16
GRASS,29.759998,20.4,28.24
GRASS,29.759998,20.4,28.32
GRASS,29.759998,20.4,28.4
GRASS,29.759998,20.4,28.48
GRASS,29.759998,20.4,28.56
GRASS,29.759998,20.4,28.64
GRASS,29.759998,20.4,28.72
GRASS,29.759998,20.4,28.8
GRASS,29.759998,20.4,28.88
GRASS,29.759998,20.4,28.96
GRASS,29.759998,20.4,29.039999
GRASS,29.759998,20.4,29.119999
GRASS,29.759998,20.4,29.2
GRASS,29.759998,20.4,29.28
GRASS,29.759998,20.4,29.36
GRASS,29.839998,20.4,28.16
GRASS,29.839998,20.4,28.24
GRASS,29.839998,20.4,28.32
GRASS,29.839998,20.4,28.4
GRASS,29.839998,20.4,28.48
GRASS,29.839998,20.4,28.56
GRASS,29.839998,20.4,28.64
GRASS,29.839998,20.4,28.72
GRASS,29.839998,20.4,28.8
GRASS,29.839998,20.4,28.88
GRASS,29.839998,20.4,28.96
GRASS,29.839998,20.4,29.039999
GRASS,29.839998,20.4,29.119999
GRASS,29.839998,20.4,29.2
GRASS,29.839998,20.4,29.28
GRASS,29.839998,20.4,29.36
GRASS,29.919998,20.4,28.16
GRASS,29.919998,20.4,28.24
GRASS,29.919998,20.4,28.32
GRASS,29.919998,20.4,28.4
GRASS,29.919998,20.4,28.48
GRASS,29.919998,20.4,28.56
GRASS,29.919998,20.4,28.64
GRASS,29.919998,20.4,28.72
GRASS,29.919998,20.4,28.8
GRASS,29.919998,20.4,28.88
GRASS,29.919998,20.4,28.96
GRASS,29.919998,20.4,29.039999
GRASS,29.919998,20.4,29.119999
GRASS,29.919998,20.4,29.2
GRASS,29.919998,20.4,29.28
GRASS,29.919998,20.4,29.36
GRASS,29.999998,20.4,28.16
GRASS,29.999998,20.4,28.24
GRASS,29.999998,20.4,28.32
GRASS,29.999998,20.4,28.4
GRASS,29.999998,20.4,28.48
GRASS,29.999998,20.4,28.56
GRASS,29.999998,20.4,28.64
GRASS,29.999998,20.4,28.72
GRASS,29.999998,20.4,28.8
GRASS,29.999998,20.4,28.88
GRASS,29.999998,20.4,28.96
STONE,29.999998,20.4,29.039999
GRASS,29.999998,20.32,29.039999
GRASS,29.999998,20.4,29.119999
GRASS,29.999998,20.4,29.2
GRASS,29.999998,20.4,29.28
GRASS,29.999998,20.4,29.36
GRASS,30.079998,20.4,28.16
GRASS,30.079998,20.4,28.24
GRASS,30.079998,20.4,28.32
GRASS,30.079998,20.4,28.4
GRASS,30.079998,20.4,28.48
GRASS,30.079998,20.4,28.56
GRASS,30.079998,20.4,28.64
GRASS,30.079998,20.4,28.72
GRASS,30.079998,20.4,28.8
GRASS,30.079998,20.4,28.88
STONE,30.079998,20.4,28.96
GRASS,30.079998,20.32,28.96
STONE,30.079998,20.4,29.039999
GRASS,30.079998,20.32,29.039999
STONE,30.079998,20.4,29.119999
GRASS,30.079998,20.32,29.119999
GRASS,30.079998,20.4,29.2
GRASS,30.079998,20.4,29.28
STONE,30.079998,20.4,29.36
GRASS,30.079998,20.32,29.36
GRASS,30.159998,20.4,28.16
GRASS,30.159998,20.4,28.24
GRASS,30.159998,20.4,28.32
GRASS,30.159998,20.4,28.4
GRASS,30.159998,20.4,28.48
GRASS,30.159998,20.4,28.56
GRASS,30.159998,20.4,28.64
GRASS,30.159998,20.4,28.72
GRASS,30.159998,20.4,28.8
STONE,30.159998,20.4,28.88
GRASS,30.159998,20.32,28.88
STONE,30.159998,20.4,28.96
GRASS,30.159998,20.32,28.96
STONE,30.159998,20.32,29.039999
STONE,30.159998,20.4,29.039999
GRASS,30.159998,20.24,29.039999
STONE,30.159998,20.4,29.119999
GRASS,30.159998,20.32,29.119999
STONE,30.159998,20.4,29.2
GRASS,30.159998,20.32,29.2
STONE,30.159998,20.4,29.28
GRASS,30.159998,20.32,29.28
STONE,30.159998,20.4,29.36
GRASS,30.159998,20.32,29.36
GRASS,30.239998,20.4,28.16
GRASS,30.239998,20.4,28.24
GRASS,30.239998,20.4,28.32
GRASS,30.239998,20.4,28.4
GRASS,30.239998,20.4,28.48
GRASS,30.239998,20.4,28.56
GRASS,30.239998,20.4,28.64
GRASS,30.239998,20.4,28.72
GRASS,30.239998,20.4,28.8
GRASS,30.239998,20.4,28.88
STONE,30.239998,20.4,28.96
GRASS,30.239998,20.32,28.96
STONE,30.239998,20.4,29.039999
GRASS,30.239998,20.32,29.039999
STONE,30.239998,20.4,29.119999
GRASS,30.239998,20.32,29.119999
GRASS,30.239998,20.4,29.2
GRASS,30.239998,20.4,29.28
STONE,30.239998,20.4,29.36
GRASS,30.239998,20.32,29.36
GRASS,30.319998,20.4,28.16
GRASS,30.319998,20.4,28.24
GRASS,30.319998,20.4,28.32
GRASS,30.319998,20.4,28.4
GRASS,30.319998,20.4,28.48
GRASS,30.319998,20.4,28.56
GRASS,30.319998,20.4,28.64
GRASS,30.319998,20.4,28.72
GRASS,30.319998,20.4,28.8
GRASS,30.319998,20.4,28.88
GRASS,30.319998,20.4,28.96
STONE,30.319998,20.4,29.039999
GRASS,30.319998,20.32,29.039999
GRASS,30.319998,20.4,29.119999
GRASS,30.319998,20.4,29.2
GRASS,30.319998,20.4,29.28
GRASS,30.319998,20.4,29.36
GRASS,30.399998,20.4,28.16
GRASS,30.399998,20.4,28.24
GRASS,30.399998,20.4,28.32
GRASS,30.399998,20.4,28.4
GRASS,30.399998,20.4,28.48
GRASS,30.399998,20.4,28.56
GRASS,30.399998,20.4,28.64
GRASS,30.399998,20.4,28.72
GRASS,30.399998,20.4,28.8
GRASS,30.399998,20.4,28.88
GRASS,30.399998,20.4,28.96
GRASS,30.399998,20.4,29.039999
GRASS,30.399998,20.4,29.119999
GRASS,30.399998,20.4,29.2
GRASS,30.399998,20.4,29.28
GRASS,30.399998,20.4,29.36
GRASS,30.48,20.4,28.16
GRASS,30.48,20.4,28.24
GRASS,30.48,20.4,28.32
GRASS,30.48,20.4,28.4
LOG,30.48,20.32,28.48
LOG,30.48,20.24,28.48
LOG,30.48,20.16,28.48
LOG,30.48,20.08,28.48
LOG,30.48,20.0,28.48
LEAF,30.48,19.92,28.48
LEAF,30.4,20.0,28.48
LEAF,30.56,20.0,28.48
LEAF,30.48,20.0,28.4
LEAF,30.48,20.0,28.56
DIRT,30.48,20.4,28.48
GRASS,30.48,20.4,28.56
GRASS,30.48,20.4,28.64
GRASS,30.48,20.4,28.72
GRASS,30.48,20.4,28.8
GRASS,30.48,20.4,28.88
GRASS,30.48,20.4,28.96
GRASS,30.48,20.4,29.039999
GRASS,30.48,20.4,29.119999
GRASS,30.48,20.4,29.2
GRASS,30.48,20.4,29.28
GRASS,30.48,20.4,29.36
GRASS,30.56,20.4,28.16
GRASS,30.56,20.4,28.24
GRASS,30.56,20.4,28.32
GRASS,30.56,20.4,28.4
GRASS,30.56,20.4,28.48
GRASS,30.56,20.4,28.56
GRASS,30.56,20.4,28.64
GRASS,30.56,20.4,28.72
GRASS,30.56,20.4,28.8
GRASS,30.56,20.4,28.88
GRASS,30.56,20.4,28.96
BIRCH_LOG,30.56,20.32,29.039999
BIRCH_LOG,30.56,20.24,29.039999
BIRCH_LOG,30.56,20.16,29.039999
BIRCH_LOG,30.56,20.08,29.039999
LEAF,30.56,20.0,29.039999
LEAF,30.48,20.08,29.039999
LEAF,30.64,20.08,29.039999
LEAF,30.56,20.08,28.96
LEAF,30.56,20.08,29.119999
DIRT,30.56,20.4,29.039999
GRASS,30.56,20.4,29.119999
GRASS,30.56,20.4,29.2
GRASS,30.56,20.4,29.28
GRASS,30.56,20.4,29.36
GRASS,30.64,20.4,28.16
GRASS,30.64,20.4,28.24
GRASS,30.64,20.4,28.32
GRASS,30.64,20.4,28.4
GRASS,30.64,20.4,28.48
GRASS,30.64,20.4,28.56
GRASS,30.64,20.4,28.64
GRASS,30.64,20.4,28.72
GRASS,30.64,20.4,28.8
GRASS,30.64,20.4,28.88
GRASS,30.64,20.4,28.96
GRASS,30.64,20.4,29.039999
GRASS,30.64,20.4,29.119999
GRASS,30.64,20.4,29.2
GRASS,30.64,20.4,29.28
GRASS,30.64,20.4,29.36
