GRASS,29.439999,20.4,29.439999
GRASS,29.439999,20.4,29.519999
GRASS,29.439999,20.4,29.599998
GRASS,29.439999,20.4,29.679998
GRASS,29.439999,20.4,29.759998
GRASS,29.439999,20.4,29.839998
GRASS,29.439999,20.4,29.919998
GRASS,29.439999,20.4,29.999998
GRASS,29.439999,20.4,30.079998
GRASS,29.439999,20.4,30.159998
STONE,29.439999,20.4,30.239998
GRASS,29.439999,20.32,30.239998
STONE,29.439999,20.4,30.319998
GRASS,29.439999,20.32,30.319998
STONE,29.439999,20.4,30.399998
GRASS,29.439999,20.32,30.399998
GRASS,29.439999,20.4,30.48
STONE,29.439999,20.4,30.56
GRASS,29.439999,20.32,30.56
STONE,29.439999,20.4,30.64
GRASS,29.439999,20.32,30.64
GRASS,29.519999,20.4,29.439999
GRASS,29.519999,20.4,29.519999
GRASS,29.519999,20.4,29.599998
GRASS,29.519999,20.4,29.679998
GRASS,29.519999,20.4,29.759998
GRASS,29.519999,20.4,29.839998
GRASS,29.519999,20.4,29.919998
GRASS,29.519999,20.4,29.999998
GRASS,29.519999,20.4,30.079998
GRASS,29.519999,20.4,30.159998
GRASS,29.519999,20.4,30.239998
STONE,29.519999,20.4,30.319998
GRASS,29.519999,20.32,30.319998
GRASS,29.519999,20.4,30.399998
GRASS,29.519999,20.4,30.48
GRASS,29.519999,20.4,30.56
STONE,29.519999,20.4,30.64
GRASS,29.519999,20.32,30.64
GRASS,29.599998,20.4,29.439999
GRASS,29.599998,20.4,29.519999
GRASS,29.599998,20.4,29.599998
GRASS,29.599998,20.4,29.679998
GRASS,29.599998,20.4,29.759998
GRASS,29.599998,20.4,29.839998
GRASS,29.599998,20.4,29.919998
GRASS,29.599998,20.4,29.999998
GRASS,29.599998,20.4,30.079998
GRASS,29.599998,20.4,30.159998
GRASS,29.599998,20.4,30.239998
GRASS,29.599998,20.4,30.319998
GRASS,29.599998,20.4,30.399998
GRASS,29.599998,20.4,30.48
GRASS,29.599998,20.4,30.56
GRASS,29.599998,20.4,30.64
GRASS,29.679998,20.4,29.439999
GRASS,29.679998,20.4,29.519999
GRASS,29.679998,20.4,29.599998
GRASS,29.679998,20.4,29.679998
GRASS,29.679998,20.4,29.759998
GRASS,29.679998,20.4,29.839998
GRASS,29.679998,20.4,29.919998
GRASS,29.679998,20.4,29.999998
GRASS,29.679998,20.4,30.079998
GRASS,29.679998,20.4,30.159998
GRASS,29.679998,20.4,30.239998
GRASS,29.679998,20.4,30.319998
GRASS,29.679998,20.4,30.399998
GRASS,29.679998,20.4,30.48
GRASS,29.679998,20.4,30.56
GRASS,29.679998,20.4,30.64
GRASS,29.759998,20.4,29.439999
GRASS,29.759998,20.4,29.519999
GRASS,29.759998,20.4,29.599998
GRASS,29.759998,20.4,29.679998
GRASS,29.759998,20.4,29.759998
GRASS,29.759998,20.4,29.839998
GRASS,29.759998,20.4,29.919998
GRASS,29.759998,20.4,29.999998
GRASS,29.759998,20.4,30.079998
GRASS,29.759998,20.4,30.159998
GRASS,29.759998,20.4,30.239998
GRASS,29.759998,20.4,30.319998
GRASS,29.759998,20.4,30.399998
GRASS,29.759998,20.4,30.48
GRASS,29.759998,20.4,30.56
GRASS,29.759998,20.4,30.64
GRASS,29.839998,20.4,29.439999
GRASS,29.839998,20.4,29.519999
GRASS,29.839998,20.4,29.599998
GRASS,29.839998,20.4,29.679998
GRASS,29.839998,20.4,29.759998
GRASS,29.839998,20.4,29.839998
GRASS,29.839998,20.4,29.919998
GRASS,29.839998,20.4,29.999998
GRASS,29.839998,20.4,30.079998
GRASS,29.839998,20.4,30.159998
GRASS,29.839998,20.4,30.239998
GRASS,29.839998,20.4,30.319998
GRASS,29.839998,20.4,30.399998
GRASS,29.839998,20.4,30.48
GRASS,29.839998,20.4,30.56
GRASS,29.839998,20.4,30.64
GRASS,29.919998,20.4,29.439999
GRASS,29.919998,20.4,29.519999
GRASS,29.919998,20.4,29.599998
GRASS,29.919998,20.4,29.679998
GRASS,29.919998,20.4,29.759998
GRASS,29.919998,20.4,29.839998
GRASS,29.919998,20.4,29.919998
GRASS,29.919998,20.4,29.999998
GRASS,29.919998,20.4,30.079998
GRASS,29.919998,20.4,30.159998
GRASS,29.919998,20.4,30.239998
GRASS,29.919998,20.4,30.319998
GRASS,29.919998,20.4,30.399998
GRASS,29.919998,20.4,30.48
GRASS,29.919998,20.4,30.56
GRASS,29.919998,20.4,30.64
GRASS,29.999998,20.4,29.439999
GRASS,29.999998,20.4,29.519999
GRASS,29.999998,20.4,29.599998
GRASS,29.999998,20.4,29.679998
GRASS,29.999998,20.4,29.759998
GRASS,29.999998,20.4,29.839998
GRASS,29.999998,20.4,29.919998
GRASS,29.999998,20.4,29.999998
GRASS,29.999998,20.4,30.079998
GRASS,29.999998,20.4,30.159998
GRASS,29.999998,20.4,30.239998
GRASS,29.999998,20.4,30.319998
GRASS,29.999998,20.4,30.399998
GRASS,29.999998,20.4,30.48
GRASS,29.999998,20.4,30.56
GRASS,29.999998,20.4,30.64
GRASS,30.079998,20.4,29.439999
GRASS,30.079998,20.4,29.519999
GRASS,30.079998,20.4,29.599998
GRASS,30.079998,20.4,29.679998
GRASS,30.079998,20.4,29.759998
GRASS,30.079998,20.4,29.839998
GRASS,30.079998,20.4,29.919998
GRASS,30.079998,20.4,29.999998
GRASS,30.079998,20.4,30.079998
GRASS,30.079998,20.4,30.159998
GRASS,30.079998,20.4,30.239998
GRASS,30.079998,20.4,30.319998
GRASS,30.079998,20.4,30.399998
GRASS,30.079998,20.4,30.48
GRASS,30.079998,20.4,30.56
GRASS,30.079998,20.4,30.64
STONE,30.159998,20.4,29.439999
GRASS,30.159998,20.32,29.439999
GRASS,30.159998,20.4,29.519999
GRASS,30.159998,20.4,29.599998
GRASS,30.159998,20.4,29.679998
GRASS,30.159998,20.4,29.759998
GRASS,30.159998,20.4,29.839998
GRASS,30.159998,20.4,29.919998
GRASS,30.159998,20.4,29.999998
GRASS,30.159998,20.4,30.079998
STONE,30.159998,20.4,30.159998
GRASS,30.159998,20.32,30.159998
GRASS,30.159998,20.4,30.239998
GRASS,30.159998,20.4,30.319998
GRASS,30.159998,20.4,30.399998
GRASS,30.159998,20.4,30.48
GRASS,30.159998,20.4,30.56
GRASS,30.159998,20.4,30.64
GRASS,30.239998,20.4,29.439999
BIRCH_LOG,30.239998,20.32,29.519999
BIRCH_LOG,30.239998,20.24,29.519999
BIRCH_LOG,30.239998,20.16,29.519999
BIRCH_LOG,30.239998,20.08,29.519999
BIRCH_LOG,30.239998,20.0,29.519999
LEAF,30.239998,19.92,29.519999
LEAF,30.159998,20.0,29.519999
LEAF,30.319998,20.0,29.519999
LEAF,30.239998,20.0,29.599998
DIRT,30.239998,20.4,29.519999
GRASS,30.239998,20.4,29.599998
GRASS,30.239998,20.4,29.679998
GRASS,30.239998,20.4,29.759998
GRASS,30.239998,20.4,29.839998
GRASS,30.239998,20.4,29.919998
GRASS,30.239998,20.4,29.999998
GRASS,30.239998,20.4,30.079998
GRASS,30.239998,20.4,30.159998
GRASS,30.239998,20.4,30.239998
GRASS,30.239998,20.4,30.319998
GRASS,30.239998,20.4,30.399998
GRASS,30.239998,20.4,30.48
GRASS,30.239998,20.4,30.56
GRASS,30.239998,20.4,30.64
GRASS,30.319998,20.4,29.439999
GRASS,30.319998,20.4,29.519999
GRASS,30.319998,20.4,29.599998
GRASS,30.319998,20.4,29.679998
GRASS,30.319998,20.4,29.759998
GRASS,30.319998,20.4,29.839998
GRASS,30.319998,20.4,29.919998
GRASS,30.319998,20.4,29.999998
GRASS,30.319998,20.4,30.079998
GRASS,30.319998,20.4,30.159998
GRASS,30.319998,20.4,30.239998
GRASS,30.319998,20.4,30.319998
GRASS,30.319998,20.4,30.399998
GRASS,30.319998,20.4,30.48
GRASS,30.319998,20.4,30.56
GRASS,30.319998,20.4,30.64
GRASS,30.399998,20.4,29.439999
GRASS,30.399998,20.4,29.519999
GRASS,30.399998,20.4,29.599998
GRASS,30.399998,20.4,29.679998
GRASS,30.399998,20.4,29.759998
GRASS,30.399998,20.4,29.839998
GRASS,30.399998,20.4,29.919998
GRASS,30.399998,20.4,29.999998
GRASS,30.399998,20.4,30.079998
GRASS,30.399998,20.4,30.159998
GRASS,30.399998,20.4,30.239998
GRASS,30.399998,20.4,30.319998
GRASS,30.399998,20.4,30.399998
GRASS,30.399998,20.4,30.48
GRASS,30.399998,20.4,30.56
GRASS,30.399998,20.4,30.64
GRASS,30.48,20.4,29.439999
GRASS,30.48,20.4,29.519999
GRASS,30.48,20.4,29.599998
GRASS,30.48,20.4,29.679998
GRASS,30.48,20.4,29.759998
GRASS,30.48,20.4,29.839998
GRASS,30.48,20.4,29.919998
GRASS,30.48,20.4,29.999998
GRASS,30.48,20.4,30.079998
GRASS,30.48,20.4,30.159998
GRASS,30.48,20.4,30.239998
GRASS,30.48,20.4,30.319998
GRASS,30.48,20.4,30.399998
GRASS,30.48,20.4,30.48
GRASS,30.48,20.4,30.56
GRASS,30.48,20.4,30.64
GRASS,30.56,20.4,29.439999
GRASS,30.56,20.4,29.519999
GRASS,30.56,20.4,29.599998
GRASS,30.56,20.4,29.679998
GRASS,30.56,20.4,29.759998
GRASS,30.56,20.4,29.839998
GRASS,30.56,20.4,29.919998
GRASS,30.56,20.4,29.999998
GRASS,30.56,20.4,30.079998
GRASS,30.56,20.4,30.159998
GRASS,30.56,20.4,30.239998
GRASS,30.56,20.4,30.319998
GRASS,30.56,20.4,30.399998
GRASS,30.56,20.4,30.48
GRASS,30.56,20.4,30.56
GRASS,30.56,20.4,30.64
GRASS,30.64,20.4,29.439999
GRASS,30.64,20.4,29.519999
GRASS,30.64,20.4,29.599998
GRASS,30.64,20.4,29.679998
GRASS,30.64,20.4,29.759998
GRASS,30.64,20.4,29.839998
GRASS,30.64,20.4,29.919998
GRASS,30.64,20.4,29.999998
GRASS,30.64,20.4,30.079998
GRASS,30.64,20.4,30.159998
GRASS,30.64,20.4,30.239998
GRASS,30.64,20.4,30.319998
GRASS,30.64,20.4,30.399998
GRASS,30.64,20.4,30.48
GRASS,30.64,20.4,30.56
GRASS,30.64,20.4,30.64
