STONE,3.84,20.0,7.68
STONE,3.84,20.08,7.68
STONE,3.84,20.16,7.68
STONE,3.84,20.24,7.68
STONE,3.84,20.32,7.68
STONE,3.84,20.4,7.68
GRASS,3.84,19.92,7.68
STONE,3.84,20.0,7.7599998
STONE,3.84,20.08,7.7599998
STONE,3.84,20.16,7.7599998
STONE,3.84,20.24,7.7599998
STONE,3.84,20.32,7.7599998
STONE,3.84,20.4,7.7599998
GRASS,3.84,19.92,7.7599998
STONE,3.84,20.0,7.8399997
STONE,3.84,20.08,7.8399997
STONE,3.84,20.16,7.8399997
STONE,3.84,20.24,7.8399997
STONE,3.84,20.32,7.8399997
STONE,3.84,20.4,7.8399997
GRASS,3.84,19.92,7.8399997
STONE,3.84,20.0,7.9199996
STONE,3.84,20.08,7.9199996
STONE,3.84,20.16,7.9199996
STONE,3.84,20.24,7.9199996
STONE,3.84,20.32,7.9199996
STONE,3.84,20.4,7.9199996
GRASS,3.84,19.92,7.9199996
STONE,3.84,20.0,8.0
STONE,3.84,20.08,8.0
STONE,3.84,20.16,8.0
STONE,3.84,20.24,8.0
STONE,3.84,20.32,8.0
STONE,3.84,20.4,8.0
GRASS,3.84,19.92,8.0
STONE,3.84,20.24,8.08
STONE,3.84,20.32,8.08
STONE,3.84,20.4,8.08
GRASS,3.84,20.16,8.08
STONE,3.84,20.0,8.16
STONE,3.84,20.08,8.16
STONE,3.84,20.16,8.16
STONE,3.84,20.24,8.16
STONE,3.84,20.32,8.16
STONE,3.84,20.4,8.16
GRASS,3.84,19.92,8.16
GRASS,3.84,20.4,8.24
GRASS,3.84,20.4,8.32
GRASS,3.84,20.4,8.4
GRASS,3.84,20.4,8.48
GRASS,3.84,20.4,8.559999
GRASS,3.84,20.4,8.639999
GRASS,3.84,20.4,8.719999
STONE,3.84,20.4,8.8
GRASS,3.84,20.32,8.8
GRASS,3.84,20.4,8.88
STONE,3.9199998,20.0,7.68
STONE,3.9199998,20.08,7.68
STONE,3.9199998,20.16,7.68
STONE,3.9199998,20.24,7.68
STONE,3.9199998,20.32,7.68
STONE,3.9199998,20.4,7.68
LOG,3.9199998,19.84,7.68
LOG,3.9199998,19.76,7.68
LOG,3.9199998,19.68,7.68
LOG,3.9199998,19.6,7.68
LEAF,3.9199998,19.52,7.68
LEAF,3.9999998,19.6,7.68
LEAF,3.9199998,19.6,7.7599998
DIRT,3.9199998,19.92,7.68
STONE,3.9199998,20.0,7.7599998
STONE,3.9199998,20.08,7.7599998
STONE,3.9199998,20.16,7.7599998
STONE,3.9199998,20.24,7.7599998
STONE,3.9199998,20.32,7.7599998
STONE,3.9199998,20.4,7.7599998
GRASS,3.9199998,19.92,7.7599998
STONE,3.9199998,20.0,7.8399997
STONE,3.9199998,20.08,7.8399997
STONE,3.9199998,20.16,7.8399997
STONE,3.9199998,20.24,7.8399997
STONE,3.9199998,20.32,7.8399997
STONE,3.9199998,20.4,7.8399997
GRASS,3.9199998,19.92,7.8399997
STONE,3.9199998,20.0,7.9199996
STONE,3.9199998,20.08,7.9199996
STONE,3.9199998,20.16,7.9199996
STONE,3.9199998,20.24,7.9199996
STONE,3.9199998,20.32,7.9199996
STONE,3.9199998,20.4,7.9199996
GRASS,3.9199998,19.92,7.9199996
STONE,3.9199998,20.24,8.0
STONE,3.9199998,20.32,8.0
STONE,3.9199998,20.4,8.0
GRASS,3.9199998,20.16,8.0
STONE,3.9199998,20.24,8.08
STONE,3.9199998,20.32,8.08
STONE,3.9199998,20.4,8.08
GRASS,3.9199998,20.16,8.08
STONE,3.9199998,20.24,8.16
STONE,3.9199998,20.32,8.16
STONE,3.9199998,20.4,8.16
GRASS,3.9199998,20.16,8.16
GRASS,3.9199998,20.4,8.24
GRASS,3.9199998,20.4,8.32
GRASS,3.9199998,20.4,8.4
GRASS,3.9199998,20.4,8.48
GRASS,3.9199998,20.4,8.559999
GRASS,3.9199998,20.4,8.639999
GRASS,3.9199998,20.4,8.719999
GRASS,3.9199998,20.4,8.8
STONE,3.9199998,20.4,8.88
GRASS,3.9199998,20.32,8.88
STONE,4.0,20.0,7.68
STONE,4.0,20.08,7.68
STONE,4.0,20.16,7.68
STONE,4.0,20.24,7.68
STONE,4.0,20.32,7.68
STONE,4.0,20.4,7.68
GRASS,4.0,19.92,7.68
STONE,4.0,20.0,7.7599998
STONE,4.0,20.08,7.7599998
STONE,4.0,20.16,7.7599998
STONE,4.0,20.24,7.7599998
STONE,4.0,20.32,7.7599998
STONE,4.0,20.4,7.7599998
GRASS,4.0,19.92,7.7599998
STONE,4.0,20.0,7.8399997
STONE,4.0,20.08,7.8399997
STONE,4.0,20.16,7.8399997
STONE,4.0,20.24,7.8399997
STONE,4.0,20.32,7.8399997
STONE,4.0,20.4,7.8399997
GRASS,4.0,19.92,7.8399997
STONE,4.0,20.24,7.9199996
STONE,4.0,20.32,7.9199996
STONE,4.0,20.4,7.9199996
GRASS,4.0,20.16,7.9199996
STONE,4.0,20.24,8.0
STONE,4.0,20.32,8.0
STONE,4.0,20.4,8.0
GRASS,4.0,20.16,8.0
STONE,4.0,20.24,8.08
STONE,4.0,20.32,8.08
STONE,4.0,20.4,8.08
GRASS,4.0,20.16,8.08
STONE,4.0,20.24,8.16
STONE,4.0,20.32,8.16
STONE,4.0,20.4,8.16
GRASS,4.0,20.16,8.16
STONE,4.0,20.24,8.24
STONE,4.0,20.32,8.24
STONE,4.0,20.4,8.24
GRASS,4.0,20.16,8.24
GRASS,4.0,20.4,8.32
GRASS,4.0,20.4,8.4
GRASS,4.0,20.4,8.48
GRASS,4.0,20.4,8.559999
GRASS,4.0,20.4,8.639999
GRASS,4.0,20.4,8.719999
STONE,4.0,20.24,8.8
STONE,4.0,20.32,8.8
STONE,4.0,20.4,8.8
GRASS,4.0,20.16,8.8
GRASS,4.0,20.4,8.88
STONE,4.08,20.0,7.68
STONE,4.08,20.08,7.68
STONE,4.08,20.16,7.68
STONE,4.08,20.24,7.68
STONE,4.08,20.32,7.68
STONE,4.08,20.4,7.68
GRASS,4.08,19.92,7.68
STONE,4.08,20.0,7.7599998
STONE,4.08,20.08,7.7599998
STONE,4.08,20.16,7.7599998
STONE,4.08,20.24,7.7599998
STONE,4.08,20.32,7.7599998
STONE,4.08,20.4,7.7599998
GRASS,4.08,19.92,7.7599998
STONE,4.08,20.0,7.8399997
STONE,4.08,20.08,7.8399997
STONE,4.08,20.16,7.8399997
STONE,4.08,20.24,7.8399997
STONE,4.08,20.32,7.8399997
STONE,4.08,20.4,7.8399997
GRASS,4.08,19.92,7.8399997
STONE,4.08,20.0,7.9199996
STONE,4.08,20.08,7.9199996
STONE,4.08,20.16,7.9199996
STONE,4.08,20.24,7.9199996
STONE,4.08,20.32,7.9199996
STONE,4.08,20.4,7.9199996
GRASS,4.08,19.92,7.9199996
STONE,4.08,20.24,8.0
STONE,4.08,20.32,8.0
STONE,4.08,20.4,8.0
GRASS,4.08,20.16,8.0
STONE,4.08,20.24,8.08
STONE,4.08,20.32,8.08
STONE,4.08,20.4,8.08
GRASS,4.08,20.16,8.08
STONE,4.08,20.24,8.16
STONE,4.08,20.32,8.16
STONE,4.08,20.4,8.16
GRASS,4.08,20.16,8.16
GRASS,4.08,20.4,8.24
GRASS,4.08,20.4,8.32
GRASS,4.08,20.4,8.4
GRASS,4.08,20.4,8.48
GRASS,4.08,20.4,8.559999
GRASS,4.08,20.4,8.639999
STONE,4.08,20.24,8.719999
STONE,4.08,20.32,8.719999
STONE,4.08,20.4,8.719999
GRASS,4.08,20.16,8.719999
STONE,4.08,20.24,8.8
STONE,4.08,20.32,8.8
STONE,4.08,20.4,8.8
GRASS,4.08,20.16,8.8
STONE,4.08,19.92,8.88
STONE,4.08,20.0,8.88
STONE,4.08,20.08,8.88
STONE,4.08,20.16,8.88
STONE,4.08,20.24,8.88
STONE,4.08,20.32,8.88
STONE,4.08,20.4,8.88
GRASS,4.08,19.84,8.88
STONE,4.16,20.0,7.68
STONE,4.16,20.08,7.68
STONE,4.16,20.16,7.68
STONE,4.16,20.24,7.68
STONE,4.16,20.32,7.68
STONE,4.16,20.4,7.68
GRASS,4.16,19.92,7.68
STONE,4.16,20.0,7.7599998
STONE,4.16,20.08,7.7599998
STONE,4.16,20.16,7.7599998
STONE,4.16,20.24,7.7599998
STONE,4.16,20.32,7.7599998
STONE,4.16,20.4,7.7599998
GRASS,4.16,19.92,7.7599998
STONE,4.16,20.0,7.8399997
STONE,4.16,20.08,7.8399997
STONE,4.16,20.16,7.8399997
STONE,4.16,20.24,7.8399997
STONE,4.16,20.32,7.8399997
STONE,4.16,20.4,7.8399997
GRASS,4.16,19.92,7.8399997
STONE,4.16,20.0,7.9199996
STONE,4.16,20.08,7.9199996
STONE,4.16,20.16,7.9199996
STONE,4.16,20.24,7.9199996
STONE,4.16,20.32,7.9199996
STONE,4.16,20.4,7.9199996
GRASS,4.16,19.92,7.9199996
STONE,4.16,20.0,8.0
STONE,4.16,20.08,8.0
STONE,4.16,20.16,8.0
STONE,4.16,20.24,8.0
STONE,4.16,20.32,8.0
STONE,4.16,20.4,8.0
GRASS,4.16,19.92,8.0
STONE,4.16,20.24,8.08
STONE,4.16,20.32,8.08
STONE,4.16,20.4,8.08
GRASS,4.16,20.16,8.08
GRASS,4.16,20.4,8.16
GRASS,4.16,20.4,8.24
GRASS,4.16,20.4,8.32
GRASS,4.16,20.4,8.4
GRASS,4.16,20.4,8.48
GRASS,4.16,20.4,8.559999
STONE,4.16,20.24,8.639999
STONE,4.16,20.32,8.639999
STONE,4.16,20.4,8.639999
GRASS,4.16,20.16,8.639999
STONE,4.16,20.24,8.719999
STONE,4.16,20.32,8.719999
STONE,4.16,20.4,8.719999
GRASS,4.16,20.16,8.719999
STONE,4.16,20.24,8.8
STONE,4.16,20.32,8.8
STONE,4.16,20.4,8.8
GRASS,4.16,20.16,8.8
STONE,4.16,19.92,8.88
STONE,4.16,20.0,8.88
STONE,4.16,20.08,8.88
STONE,4.16,20.16,8.88
STONE,4.16,20.24,8.88
STONE,4.16,20.32,8.88
STONE,4.16,20.4,8.88
GRASS,4.16,19.84,8.88
STONE,4.24,20.4,7.68
GRASS,4.24,20.32,7.68
STONE,4.24,20.0,7.7599998
STONE,4.24,20.08,7.7599998
STONE,4.24,20.16,7.7599998
STONE,4.24,20.24,7.7599998
STONE,4.24,20.32,7.7599998
STONE,4.24,20.4,7.7599998
GRASS,4.24,19.92,7.7599998
STONE,4.24,20.0,7.8399997
STONE,4.24,20.08,7.8399997
STONE,4.24,20.16,7.8399997
STONE,4.24,20.24,7.8399997
STONE,4.24,20.32,7.8399997
STONE,4.24,20.4,7.8399997
GRASS,4.24,19.92,7.8399997
STONE,4.24,20.0,7.9199996
STONE,4.24,20.08,7.9199996
STONE,4.24,20.16,7.9199996
STONE,4.24,20.24,7.9199996
STONE,4.24,20.32,7.9199996
STONE,4.24,20.4,7.9199996
GRASS,4.24,19.92,7.9199996
GRASS,4.24,20.4,8.0
GRASS,4.24,20.4,8.08
GRASS,4.24,20.4,8.16
GRASS,4.24,20.4,8.24
GRASS,4.24,20.4,8.32
GRASS,4.24,20.4,8.4
GRASS,4.24,20.4,8.48
GRASS,4.24,20.4,8.559999
GRASS,4.24,20.4,8.639999
STONE,4.24,20.24,8.719999
STONE,4.24,20.32,8.719999
STONE,4.24,20.4,8.719999
GRASS,4.24,20.16,8.719999
STONE,4.24,20.24,8.8
STONE,4.24,20.32,8.8
STONE,4.24,20.4,8.8
GRASS,4.24,20.16,8.8
STONE,4.24,19.92,8.88
STONE,4.24,20.0,8.88
STONE,4.24,20.08,8.88
STONE,4.24,20.16,8.88
STONE,4.24,20.24,8.88
STONE,4.24,20.32,8.88
STONE,4.24,20.4,8.88
GRASS,4.24,19.84,8.88
STONE,4.3199997,20.0,7.68
STONE,4.3199997,20.08,7.68
STONE,4.3199997,20.16,7.68
STONE,4.3199997,20.24,7.68
STONE,4.3199997,20.32,7.68
STONE,4.3199997,20.4,7.68
GRASS,4.3199997,19.92,7.68
STONE,4.3199997,20.0,7.7599998
STONE,4.3199997,20.08,7.7599998
STONE,4.3199997,20.16,7.7599998
STONE,4.3199997,20.24,7.7599998
STONE,4.3199997,20.32,7.7599998
STONE,4.3199997,20.4,7.7599998
GRASS,4.3199997,19.92,7.7599998
STONE,4.3199997,20.0,7.8399997
STONE,4.3199997,20.08,7.8399997
STONE,4.3199997,20.16,7.8399997
STONE,4.3199997,20.24,7.8399997
STONE,4.3199997,20.32,7.8399997
STONE,4.3199997,20.4,7.8399997
GRASS,4.3199997,19.92,7.8399997
GRASS,4.3199997,20.4,7.9199996
GRASS,4.3199997,20.4,8.0
GRASS,4.3199997,20.4,8.08
GRASS,4.3199997,20.4,8.16
GRASS,4.3199997,20.4,8.24
GRASS,4.3199997,20.4,8.32
GRASS,4.3199997,20.4,8.4
GRASS,4.3199997,20.4,8.48
GRASS,4.3199997,20.4,8.559999
GRASS,4.3199997,20.4,8.639999
GRASS,4.3199997,20.4,8.719999
STONE,4.3199997,19.92,8.8
STONE,4.3199997,20.0,8.8
STONE,4.3199997,20.08,8.8
STONE,4.3199997,20.16,8.8
STONE,4.3199997,20.24,8.8
STONE,4.3199997,20.32,8.8
STONE,4.3199997,20.4,8.8
GRASS,4.3199997,19.84,8.8
STONE,4.3199997,19.92,8.88
STONE,4.3199997,20.0,8.88
STONE,4.3199997,20.08,8.88
STONE,4.3199997,20.16,8.88
STONE,4.3199997,20.24,8.88
STONE,4.3199997,20.32,8.88
STONE,4.3199997,20.4,8.88
GRASS,4.3199997,19.84,8.88
GRASS,4.4,20.4,7.68
GRASS,4.4,20.4,7.7599998
GRASS,4.4,20.4,7.8399997
BIRCH_LOG,4.4,20.32,7.9199996
BIRCH_LOG,4.4,20.24,7.9199996
BIRCH_LOG,4.4,20.16,7.9199996
BIRCH_LOG,4.4,20.08,7.9199996
LEAF,4.4,20.0,7.9199996
LEAF,4.32,20.08,7.9199996
LEAF,4.48,20.08,7.9199996
LEAF,4.4,20.08,7.8399997
LEAF,4.4,20.08,7.9999995
DIRT,4.4,20.4,7.9199996
GRASS,4.4,20.4,8.0
GRASS,4.4,20.4,8.08
GRASS,4.4,20.4,8.16
GRASS,4.4,20.4,8.24
GRASS,4.4,20.4,8.32
GRASS,4.4,20.4,8.4
GRASS,4.4,20.4,8.48
GRASS,4.4,20.4,8.559999
GRASS,4.4,20.4,8.639999
GRASS,4.4,20.4,8.719999
GRASS,4.4,20.4,8.8
STONE,4.4,19.92,8.88
STONE,4.4,20.0,8.88
STONE,4.4,20.08,8.88
STONE,4.4,20.16,8.88
STONE,4.4,20.24,8.88
STONE,4.4,20.32,8.88
STONE,4.4,20.4,8.88
GRASS,4.4,19.84,8.88
GRASS,4.48,20.4,7.68
GRASS,4.48,20.4,7.7599998
STONE,4.48,20.4,7.8399997
GRASS,4.48,20.32,7.8399997
GRASS,4.48,20.4,7.9199996
GRASS,4.48,20.4,8.0
GRASS,4.48,20.4,8.08
GRASS,4.48,20.4,8.16
GRASS,4.48,20.4,8.24
GRASS,4.48,20.4,8.32
GRASS,4.48,20.4,8.4
GRASS,4.48,20.4,8.48
BIRCH_LOG,4.48,20.32,8.559999
BIRCH_LOG,4.48,20.24,8.559999
BIRCH_LOG,4.48,20.16,8.559999
BIRCH_LOG,4.48,20.08,8.559999
LEAF,4.48,20.0,8.559999
LEAF,4.4,20.08,8.559999
LEAF,4.56,20.08,8.559999
LEAF,4.48,20.08,8.48
LEAF,4.48,20.08,8.639999
DIRT,4.48,20.4,8.559999
GRASS,4.48,20.4,8.639999
GRASS,4.48,20.4,8.719999
GRASS,4.48,20.4,8.8
STONE,4.48,19.92,8.88
STONE,4.48,20.0,8.88
STONE,4.48,20.08,8.88
STONE,4.48,20.16,8.88
STONE,4.48,20.24,8.88
STONE,4.48,20.32,8.88
STONE,4.48,20.4,8.88
GRASS,4.48,19.84,8.88
GRASS,4.56,20.4,7.68
STONE,4.56,20.4,7.7599998
GRASS,4.56,20.32,7.7599998
STONE,4.56,20.4,7.8399997
GRASS,4.56,20.32,7.8399997
STONE,4.56,20.4,7.9199996
GRASS,4.56,20.32,7.9199996
GRASS,4.56,20.4,8.0
GRASS,4.56,20.4,8.08
GRASS,4.56,20.4,8.16
GRASS,4.56,20.4,8.24
GRASS,4.56,20.4,8.32
GRASS,4.56,20.4,8.4
GRASS,4.56,20.4,8.48
STONE,4.56,20.4,8.559999
GRASS,4.56,20.32,8.559999
GRASS,4.56,20.4,8.639999
GRASS,4.56,20.4,8.719999
GRASS,4.56,20.4,8.8
STONE,4.56,19.92,8.88
STONE,4.56,20.0,8.88
STONE,4.56,20.08,8.88
STONE,4.56,20.16,8.88
STONE,4.56,20.24,8.88
STONE,4.56,20.32,8.88
STONE,4.56,20.4,8.88
GRASS,4.56,19.84,8.88
STONE,4.64,20.4,7.68
GRASS,4.64,20.32,7.68
STONE,4.64,20.4,7.7599998
GRASS,4.64,20.32,7.7599998
STONE,4.64,20.32,7.8399997
STONE,4.64,20.4,7.8399997
GRASS,4.64,20.24,7.8399997
STONE,4.64,20.4,7.9199996
GRASS,4.64,20.32,7.9199996
STONE,4.64,20.4,8.0
GRASS,4.64,20.32,8.0
GRASS,4.64,20.4,8.08
GRASS,4.64,20.4,8.16
GRASS,4.64,20.4,8.24
GRASS,4.64,20.4,8.32
STONE,4.64,20.4,8.4
GRASS,4.64,20.32,8.4
STONE,4.64,20.4,8.48
GRASS,4.64,20.32,8.48
STONE,4.64,20.4,8.559999
GRASS,4.64,20.32,8.559999
STONE,4.64,20.4,8.639999
GRASS,4.64,20.32,8.639999
GRASS,4.64,20.4,8.719999
GRASS,4.64,20.4,8.8
GRASS,4.64,20.4,8.88
GRASS,4.72,20.4,7.68
STONE,4.72,20.4,7.7599998
GRASS,4.72,20.32,7.7599998
STONE,4.72,20.4,7.8399997
GRASS,4.72,20.32,7.8399997
STONE,4.72,20.4,7.9199996
GRASS,4.72,20.32,7.9199996
GRASS,4.72,20.4,8.0
GRASS,4.72,20.4,8.08
GRASS,4.72,20.4,8.16
GRASS,4.72,20.4,8.24
STONE,4.72,20.4,8.32
GRASS,4.72,20.32,8.32
STONE,4.72,20.4,8.4
GRASS,4.72,20.32,8.4
STONE,4.72,20.4,8.48
GRASS,4.72,20.32,8.48
STONE,4.72,20.32,8.559999
STONE,4.72,20.4,8.559999
GRASS,4.72,20.24,8.559999
STONE,4.72,20.4,8.639999
GRASS,4.72,20.32,8.639999
STONE,4.72,20.4,8.719999
GRASS,4.72,20.32,8.719999
GRASS,4.72,20.4,8.8
GRASS,4.72,20.4,8.88
GRASS,4.7999997,20.4,7.68
GRASS,4.7999997,20.4,7.7599998
STONE,4.7999997,20.4,7.8399997
GRASS,4.7999997,20.32,7.8399997
GRASS,4.7999997,20.4,7.9199996
STONE,4.7999997,20.4,8.0
GRASS,4.7999997,20.32,8.0
GRASS,4.7999997,20.4,8.08
GRASS,4.7999997,20.4,8.16
STONE,4.7999997,20.4,8.24
GRASS,4.7999997,20.32,8.24
STONE,4.7999997,20.4,8.32
GRASS,4.7999997,20.32,8.32
STONE,4.7999997,20.32,8.4
STONE,4.7999997,20.4,8.4
GRASS,4.7999997,20.24,8.4
STONE,4.7999997,20.4,8.48
GRASS,4.7999997,20.32,8.48
STONE,4.7999997,20.4,8.559999
GRASS,4.7999997,20.32,8.559999
STONE,4.7999997,20.4,8.639999
GRASS,4.7999997,20.32,8.639999
GRASS,4.7999997,20.4,8.719999
GRASS,4.7999997,20.4,8.8
GRASS,4.7999997,20.4,8.88
GRASS,4.88,20.4,7.68
GRASS,4.88,20.4,7.7599998
GRASS,4.88,20.4,7.8399997
GRASS,4.88,20.4,7.9199996
GRASS,4.88,20.4,8.0
GRASS,4.88,20.4,8.08
GRASS,4.88,20.4,8.16
GRASS,4.88,20.4,8.24
STONE,4.88,20.4,8.32
GRASS,4.88,20.32,8.32
STONE,4.88,20.4,8.4
GRASS,4.88,20.32,8.4
STONE,4.88,20.4,8.48
GRASS,4.88,20.32,8.48
STONE,4.88,20.4,8.559999
GRASS,4.88,20.32,8.559999
GRASS,4.88,20.4,8.639999
GRASS,4.88,20.4,8.719999
GRASS,4.88,20.4,8.8
GRASS,4.88,20.4,8.88
GRASS,4.96,20.4,7.68
GRASS,4.96,20.4,7.7599998
GRASS,4.96,20.4,7.8399997
GRASS,4.96,20.4,7.9199996
GRASS,4.96,20.4,8.0
STONE,4.96,20.4,8.08
GRASS,4.96,20.32,8.08
GRASS,4.96,20.4,8.16
GRASS,4.96,20.4,8.24
GRASS,4.96,20.4,8.32
STONE,4.96,20.4,8.4
GRASS,4.96,20.32,8.4
GRASS,4.96,20.4,8.48
GRASS,4.96,20.4,8.559999
GRASS,4.96,20.4,8.639999
GRASS,4.96,20.4,8.719999
GRASS,4.96,20.4,8.8
GRASS,4.96,20.4,8.88
GRASS,5.04,20.4,7.68
GRASS,5.04,20.4,7.7599998
GRASS,5.04,20.4,7.8399997
GRASS,5.04,20.4,7.9199996
STONE,5.04,20.4,8.0
GRASS,5.04,20.32,8.0
STONE,5.04,20.4,8.08
GRASS,5.04,20.32,8.08
STONE,5.04,20.4,8.16
GRASS,5.04,20.32,8.16
GRASS,5.04,20.4,8.24
GRASS,5.04,20.4,8.32
GRASS,5.04,20.4,8.4
GRASS,5.04,20.4,8.48
GRASS,5.04,20.4,8.559999
GRASS,5.04,20.4,8.639999
GRASS,5.04,20.4,8.719999
GRASS,5.04,20.4,8.8
GRASS,5.04,20.4,8.88
