GRASS,30.72,20.4,30.72
GRASS,30.72,20.4,30.8
GRASS,30.72,20.4,30.88
GRASS,30.72,20.4,30.96
GRASS,30.72,20.4,31.039999
GRASS,30.72,20.4,31.119999
GRASS,30.72,20.4,31.199999
GRASS,30.72,20.4,31.279999
GRASS,30.72,20.4,31.359999
LEAF,30.8,20.0,31.439999
DIRT,30.72,20.4,31.439999
GRASS,30.72,20.4,31.519999
GRASS,30.72,20.4,31.599998
GRASS,30.72,20.4,31.679998
GRASS,30.72,20.4,31.759998
GRASS,30.72,20.4,31.84
GRASS,30.72,20.4,31.92
GRASS,30.8,20.4,30.72
GRASS,30.8,20.4,30.8
GRASS,30.8,20.4,30.88
GRASS,30.8,20.4,30.96
GRASS,30.8,20.4,31.039999
GRASS,30.8,20.4,31.119999
GRASS,30.8,20.4,31.199999
GRASS,30.8,20.4,31.279999
GRASS,30.8,20.4,31.359999
GRASS,30.8,20.4,31.439999
GRASS,30.8,20.4,31.519999
GRASS,30.8,20.4,31.599998
GRASS,30.8,20.4,31.679998
GRASS,30.8,20.4,31.759998
GRASS,30.8,20.4,31.84
GRASS,30.8,20.4,31.92
GRASS,30.88,20.4,30.72
GRASS,30.88,20.4,30.8
GRASS,30.88,20.4,30.88
GRASS,30.88,20.4,30.96
GRASS,30.88,20.4,31.039999
GRASS,30.88,20.4,31.119999
GRASS,30.88,20.4,31.199999
GRASS,30.88,20.4,31.279999
GRASS,30.88,20.4,31.359999
GRASS,30.88,20.4,31.439999
GRASS,30.88,20.4,31.519999
GRASS,30.88,20.4,31.599998
GRASS,30.88,20.4,31.679998
GRASS,30.88,20.4,31.759998
BIRCH_LOG,30.88,20.32,31.84
BIRCH_LOG,30.88,20.24,31.84
BIRCH_LOG,30.88,20.16,31.84
BIRCH_LOG,30.88,20.08,31.84
LEAF,30.88,20.0,31.84
LEAF,30.8,20.08,31.84
LEAF,30.96,20.08,31.84
LEAF,30.88,20.08,31.76
LEAF,30.88,20.08,31.92
DIRT,30.88,20.4,31.84
GRASS,30.88,20.4,31.92
STONE,30.96,20.4,30.72
GRASS,30.96,20.32,30.72
GRASS,30.96,20.4,30.8
GRASS,30.96,20.4,30.88
GRASS,30.96,20.4,30.96
GRASS,30.96,20.4,31.039999
GRASS,30.96,20.4,31.119999
GRASS,30.96,20.4,31.199999
GRASS,30.96,20.4,31.279999
GRASS,30.96,20.4,31.359999
GRASS,30.96,20.4,31.439999
GRASS,30.96,20.4,31.519999
GRASS,30.96,20.4,31.599998
GRASS,30.96,20.4,31.679998
GRASS,30.96,20.4,31.759998
STONE,30.96,20.4,31.84
GRASS,30.96,20.32,31.84
GRASS,30.96,20.4,31.92
STONE,31.039999,20.4,30.72
GRASS,31.039999,20.32,30.72
STONE,31.039999,20.4,30.8
GRASS,31.039999,20.32,30.8
GRASS,31.039999,20.4,30.88
GRASS,31.039999,20.4,30.96
GRASS,31.039999,20.4,31.039999
GRASS,31.039999,20.4,31.119999
GRASS,31.039999,20.4,31.199999
GRASS,31.039999,20.4,31.279999
GRASS,31.039999,20.4,31.359999
GRASS,31.039999,20.4,31.439999
GRASS,31.039999,20.4,31.519999
GRASS,31.039999,20.4,31.599998
GRASS,31.039999,20.4,31.679998
STONE,31.039999,20.4,31.759998
GRASS,31.039999,20.32,31.759998
STONE,31.039999,20.4,31.84
GRASS,31.039999,20.32,31.84
STONE,31.039999,20.4,31.92
GRASS,31.039999,20.32,31.92
STONE,31.119999,20.32,30.72
STONE,31.119999,20.4,30.72
GRASS,31.119999,20.24,30.72
STONE,31.119999,20.4,30.8
GRASS,31.119999,20.32,30.8
STONE,31.119999,20.4,30.88
GRASS,31.119999,20.32,30.88
GRASS,31.119999,20.4,30.96
GRASS,31.119999,20.4,31.039999
GRASS,31.119999,20.4,31.119999
GRASS,31.119999,20.4,31.199999
GRASS,31.119999,20.4,31.279999
GRASS,31.119999,20.4,31.359999
GRASS,31.119999,20.4,31.439999
GRASS,31.119999,20.4,31.519999
GRASS,31.119999,20.4,31.599998
GRASS,31.119999,20.4,31.679998
GRASS,31.119999,20.4,31.759998
STONE,31.119999,20.4,31.84
GRASS,31.119999,20.32,31.84
GRASS,31.119999,20.4,31.92
STONE,31.199999,20.4,30.72
GRASS,31.199999,20.32,30.72
STONE,31.199999,20.4,30.8
GRASS,31.199999,20.32,30.8
GRASS,31.199999,20.4,30.88
GRASS,31.199999,20.4,30.96
GRASS,31.199999,20.4,31.039999
GRASS,31.199999,20.4,31.119999
GRASS,31.199999,20.4,31.199999
GRASS,31.199999,20.4,31.279999
GRASS,31.199999,20.4,31.359999
GRASS,31.199999,20.4,31.439999
GRASS,31.199999,20.4,31.519999
GRASS,31.199999,20.4,31.599998
GRASS,31.199999,20.4,31.679998
STONE,31.199999,20.4,31.759998
GRASS,31.199999,20.32,31.759998
GRASS,31.199999,20.4,31.84
GRASS,31.199999,20.4,31.92
STONE,31.279999,20.4,30.72
GRASS,31.279999,20.32,30.72
GRASS,31.279999,20.4,30.8
GRASS,31.279999,20.4,30.88
GRASS,31.279999,20.4,30.96
GRASS,31.279999,20.4,31.039999
GRASS,31.279999,20.4,31.119999
GRASS,31.279999,20.4,31.199999
GRASS,31.279999,20.4,31.279999
GRASS,31.279999,20.4,31.359999
GRASS,31.279999,20.4,31.439999
GRASS,31.279999,20.4,31.519999
GRASS,31.279999,20.4,31.599998
GRASS,31.279999,20.4,31.679998
GRASS,31.279999,20.4,31.759998
GRASS,31.279999,20.4,31.84
GRASS,31.279999,20.4,31.92
GRASS,31.359999,20.4,30.72
GRASS,31.359999,20.4,30.8
GRASS,31.359999,20.4,30.88
GRASS,31.359999,20.4,30.96
GRASS,31.359999,20.4,31.039999
GRASS,31.359999,20.4,31.119999
GRASS,31.359999,20.4,31.199999
STONE,31.359999,20.4,31.279999
GRASS,31.359999,20.32,31.279999
GRASS,31.359999,20.4,31.359999
GRASS,31.359999,20.4,31.439999
GRASS,31.359999,20.4,31.519999
GRASS,31.359999,20.4,31.599998
GRASS,31.359999,20.4,31.679998
GRASS,31.359999,20.4,31.759998
GRASS,31.359999,20.4,31.84
GRASS,31.359999,20.4,31.92
GRASS,31.439999,20.4,30.72
GRASS,31.439999,20.4,30.8
GRASS,31.439999,20.4,30.88
GRASS,31.439999,20.4,30.96
GRASS,31.439999,20.4,31.039999
BIRCH_LOG,31.439999,20.32,31.119999
BIRCH_LOG,31.439999,20.24,31.119999
BIRCH_LOG,31.439999,20.16,31.119999
BIRCH_LOG,31.439999,20.08,31.119999
BIRCH_LOG,31.439999,20.0,31.119999
LEAF,31.439999,19.92,31.119999
LEAF,31.359999,20.0,31.119999
LEAF,31.519999,20.0,31.119999
LEAF,31.439999,20.0,31.039999
LEAF,31.439999,20.0,31.199999
DIRT,31.439999,20.4,31.119999
STONE,31.439999,20.4,31.199999
GRASS,31.439999,20.32,31.199999
STONE,31.439999,20.4,31.279999
GRASS,31.439999,20.32,31.279999
STONE,31.439999,20.4,31.359999
GRASS,31.439999,20.32,31.359999
GRASS,31.439999,20.4,31.439999
GRASS,31.439999,20.4,31.519999
GRASS,31.439999,20.4,31.599998
GRASS,31.439999,20.4,31.679998
GRASS,31.439999,20.4,31.759998
GRASS,31.439999,20.4,31.84
GRASS,31.439999,20.4,31.92
GRASS,31.519999,20.4,30.72
GRASS,31.519999,20.4,30.8
GRASS,31.519999,20.4,30.88
GRASS,31.519999,20.4,30.96
GRASS,31.519999,20.4,31.039999
GRASS,31.519999,20.4,31.119999
GRASS,31.519999,20.4,31.199999
STONE,31.519999,20.4,31.279999
GRASS,31.519999,20.32,31.279999
GRASS,31.519999,20.4,31.359999
GRASS,31.519999,20.4,31.439999
GRASS,31.519999,20.4,31.519999
GRASS,31.519999,20.4,31.599998
GRASS,31.519999,20.4,31.679998
GRASS,31.519999,20.4,31.759998
GRASS,31.519999,20.4,31.84
GRASS,31.519999,20.4,31.92
STONE,31.599998,20.4,30.72
GRASS,31.599998,20.32,30.72
GRASS,31.599998,20.4,30.8
GRASS,31.599998,20.4,30.88
GRASS,31.599998,20.4,30.96
BIRCH_LOG,31.599998,20.32,31.039999
BIRCH_LOG,31.599998,20.24,31.039999
BIRCH_LOG,31.599998,20.16,31.039999
BIRCH_LOG,31.599998,20.08,31.039999
LEAF,31.599998,20.0,31.039999
LEAF,31.519999,20.08,31.039999
LEAF,31.679998,20.08,31.039999
LEAF,31.599998,20.08,30.96
LEAF,31.599998,20.08,31.119999
DIRT,31.599998,20.4,31.039999
GRASS,31.599998,20.4,31.119999
GRASS,31.599998,20.4,31.199999
GRASS,31.599998,20.4,31.279999
GRASS,31.599998,20.4,31.359999
GRASS,31.599998,20.4,31.439999
GRASS,31.599998,20.4,31.519999
GRASS,31.599998,20.4,31.599998
GRASS,31.599998,20.4,31.679998
GRASS,31.599998,20.4,31.759998
GRASS,31.599998,20.4,31.84
GRASS,31.599998,20.4,31.92
GRASS,31.679998,20.4,30.72
GRASS,31.679998,20.4,30.8
GRASS,31.679998,20.4,30.88
GRASS,31.679998,20.4,30.96
GRASS,31.679998,20.4,31.039999
GRASS,31.679998,20.4,31.119999
GRASS,31.679998,20.4,31.199999
GRASS,31.679998,20.4,31.279999
GRASS,31.679998,20.4,31.359999
GRASS,31.679998,20.4,31.439999
GRASS,31.679998,20.4,31.519999
GRASS,31.679998,20.4,31.599998
GRASS,31.679998,20.4,31.679998
GRASS,31.679998,20.4,31.759998
GRASS,31.679998,20.4,31.84
GRASS,31.679998,20.4,31.92
LEAF,31.759998,20.08,30.8
DIRT,31.759998,20.4,30.72
GRASS,31.759998,20.4,30.8
GRASS,31.759998,20.4,30.88
GRASS,31.759998,20.4,30.96
GRASS,31.759998,20.4,31.039999
GRASS,31.759998,20.4,31.119999
GRASS,31.759998,20.4,31.199999
GRASS,31.759998,20.4,31.279999
GRASS,31.759998,20.4,31.359999
GRASS,31.759998,20.4,31.439999
GRASS,31.759998,20.4,31.519999
GRASS,31.759998,20.4,31.599998
GRASS,31.759998,20.4,31.679998
GRASS,31.759998,20.4,31.759998
GRASS,31.759998,20.4,31.84
GRASS,31.759998,20.4,31.92
GRASS,31.84,20.4,30.72
GRASS,31.84,20.4,30.8
GRASS,31.84,20.4,30.88
GRASS,31.84,20.4,30.96
GRASS,31.84,20.4,31.039999
GRASS,31.84,20.4,31.119999
GRASS,31.84,20.4,31.199999
GRASS,31.84,20.4,31.279999
GRASS,31.84,20.4,31.359999
GRASS,31.84,20.4,31.439999
GRASS,31.84,20.4,31.519999
GRASS,31.84,20.4,31.599998
GRASS,31.84,20.4,31.679998
GRASS,31.84,20.4,31.759998
GRASS,31.84,20.4,31.84
STONE,31.84,20.4,31.92
GRASS,31.84,20.32,31.92
STONE,31.92,20.4,30.72
GRASS,31.92,20.32,30.72
GRASS,31.92,20.4,30.8
GRASS,31.92,20.4,30.88
GRASS,31.92,20.4,30.96
GRASS,31.92,20.4,31.039999
GRASS,31.92,20.4,31.119999
GRASS,31.92,20.4,31.199999
GRASS,31.92,20.4,31.279999
GRASS,31.92,20.4,31.359999
GRASS,31.92,20.4,31.439999
GRASS,31.92,20.4,31.519999
GRASS,31.92,20.4,31.599998
GRASS,31.92,20.4,31.679998
GRASS,31.92,20.4,31.759998
STONE,31.92,20.4,31.84
GRASS,31.92,20.32,31.84
STONE,31.92,20.4,31.92
GRASS,31.92,20.32,31.92
