GRASS,32.0,250.0,0.0
GRASS,32.0,250.0,1.0
GRASS,32.0,250.0,2.0
GRASS,32.0,250.0,3.0
GRASS,32.0,250.0,4.0
GRASS,32.0,250.0,5.0
GRASS,32.0,255.0,6.0
GRASS,32.0,255.0,7.0
GRASS,32.0,255.0,8.0
GRASS,32.0,255.0,9.0
GRASS,32.0,255.0,10.0
GRASS,32.0,255.0,11.0
GRASS,32.0,255.0,12.0
GRASS,32.0,255.0,13.0
GRASS,32.0,255.0,14.0
GRASS,32.0,255.0,15.0
GRASS,33.0,250.0,0.0
GRASS,33.0,250.0,1.0
GRASS,33.0,250.0,2.0
GRASS,33.0,250.0,3.0
GRASS,33.0,250.0,4.0
GRASS,33.0,250.0,5.0
GRASS,33.0,250.0,6.0
GRASS,33.0,255.0,7.0
GRASS,33.0,255.0,8.0
GRASS,33.0,255.0,9.0
GRASS,33.0,255.0,10.0
GRASS,33.0,255.0,11.0
LOG,33.0,254.0,12.0
LOG,33.0,253.0,12.0
LOG,33.0,252.0,12.0
LOG,33.0,251.0,12.0
LOG,33.0,250.0,12.0
LEAF,33.0,249.0,12.0
LEAF,32.0,250.0,12.0
LEAF,34.0,250.0,12.0
LEAF,33.0,250.0,11.0
LEAF,33.0,250.0,13.0
DIRT,33.0,255.0,12.0
GRASS,33.0,255.0,13.0
GRASS,33.0,255.0,14.0
GRASS,33.0,255.0,15.0
GRASS,34.0,250.0,0.0
GRASS,34.0,250.0,1.0
GRASS,34.0,250.0,2.0
GRASS,34.0,250.0,3.0
GRASS,34.0,250.0,4.0
GRASS,34.0,250.0,5.0
GRASS,34.0,255.0,6.0
GRASS,34.0,255.0,7.0
GRASS,34.0,255.0,8.0
GRASS,34.0,255.0,9.0
GRASS,34.0,255.0,10.0
GRASS,34.0,255.0,11.0
GRASS,34.0,255.0,12.0
GRASS,34.0,255.0,13.0
GRASS,34.0,255.0,14.0
GRASS,34.0,254.0,15.0
GRASS,35.0,250.0,0.0
GRASS,35.0,250.0,1.0
GRASS,35.0,250.0,2.0
GRASS,35.0,250.0,3.0
GRASS,35.0,250.0,4.0
GRASS,35.0,250.0,5.0
GRASS,35.0,255.0,6.0
GRASS,35.0,255.0,7.0
GRASS,35.0,255.0,8.0
GRASS,35.0,255.0,9.0
GRASS,35.0,255.0,10.0
GRASS,35.0,255.0,11.0
GRASS,35.0,255.0,12.0
GRASS,35.0,255.0,13.0
GRASS,35.0,255.0,14.0
GRASS,35.0,250.0,15.0
GRASS,36.0,250.0,0.0
GRASS,36.0,250.0,1.0
GRASS,36.0,250.0,2.0
GRASS,36.0,250.0,3.0
GRASS,36.0,250.0,4.0
GRASS,36.0,255.0,5.0
GRASS,36.0,255.0,6.0
GRASS,36.0,255.0,7.0
GRASS,36.0,255.0,8.0
GRASS,36.0,255.0,9.0
GRASS,36.0,255.0,10.0
GRASS,36.0,255.0,11.0
GRASS,36.0,255.0,12.0
GRASS,36.0,250.0,13.0
GRASS,36.0,250.0,14.0
GRASS,36.0,250.0,15.0
GRASS,37.0,255.0,0.0
GRASS,37.0,255.0,1.0
GRASS,37.0,250.0,2.0
GRASS,37.0,255.0,3.0
GRASS,37.0,255.0,4.0
GRASS,37.0,255.0,5.0
GRASS,37.0,255.0,6.0
GRASS,37.0,255.0,7.0
GRASS,37.0,255.0,8.0
GRASS,37.0,255.0,9.0
GRASS,37.0,255.0,10.0
GRASS,37.0,255.0,11.0
GRASS,37.0,250.0,12.0
GRASS,37.0,250.0,13.0
GRASS,37.0,250.0,14.0
GRASS,37.0,250.0,15.0
GRASS,38.0,255.0,0.0
GRASS,38.0,255.0,1.0
GRASS,38.0,255.0,2.0
GRASS,38.0,255.0,3.0
GRASS,38.0,255.0,4.0
GRASS,38.0,255.0,5.0
GRASS,38.0,255.0,6.0
GRASS,38.0,255.0,7.0
GRASS,38.0,255.0,8.0
GRASS,38.0,255.0,9.0
GRASS,38.0,255.0,10.0
GRASS,38.0,255.0,11.0
GRASS,38.0,250.0,12.0
GRASS,38.0,250.0,13.0
GRASS,38.0,250.0,14.0
GRASS,38.0,250.0,15.0
GRASS,39.0,255.0,0.0
GRASS,39.0,255.0,1.0
GRASS,39.0,255.0,2.0
GRASS,39.0,255.0,3.0
GRASS,39.0,255.0,4.0
GRASS,39.0,255.0,5.0
GRASS,39.0,255.0,6.0
GRASS,39.0,255.0,7.0
GRASS,39.0,255.0,8.0
GRASS,39.0,255.0,9.0
GRASS,39.0,255.0,10.0
GRASS,39.0,250.0,11.0
GRASS,39.0,250.0,12.0
GRASS,39.0,250.0,13.0
GRASS,39.0,250.0,14.0
GRASS,39.0,250.0,15.0
GRASS,40.0,255.0,0.0
GRASS,40.0,255.0,1.0
GRASS,40.0,255.0,2.0
GRASS,40.0,255.0,3.0
GRASS,40.0,255.0,4.0
GRASS,40.0,255.0,5.0
GRASS,40.0,255.0,6.0
GRASS,40.0,255.0,7.0
GRASS,40.0,255.0,8.0
GRASS,40.0,255.0,9.0
GRASS,40.0,255.0,10.0
GRASS,40.0,255.0,11.0
GRASS,40.0,250.0,12.0
GRASS,40.0,250.0,13.0
GRASS,40.0,250.0,14.0
GRASS,40.0,250.0,15.0
GRASS,41.0,255.0,0.0
GRASS,41.0,255.0,1.0
GRASS,41.0,255.0,2.0
GRASS,41.0,255.0,3.0
GRASS,41.0,255.0,4.0
GRASS,41.0,255.0,5.0
GRASS,41.0,255.0,6.0
GRASS,41.0,255.0,7.0
GRASS,41.0,255.0,8.0
GRASS,41.0,255.0,9.0
GRASS,41.0,255.0,10.0
GRASS,41.0,255.0,11.0
LOG,41.0,249.0,12.0
LOG,41.0,248.0,12.0
LOG,41.0,247.0,12.0
LOG,41.0,246.0,12.0
LEAF,41.0,245.0,12.0
LEAF,40.0,246.0,12.0
LEAF,42.0,246.0,12.0
LEAF,41.0,246.0,11.0
LEAF,41.0,246.0,13.0
DIRT,41.0,250.0,12.0
GRASS,41.0,250.0,13.0
GRASS,41.0,250.0,14.0
GRASS,41.0,250.0,15.0
GRASS,42.0,255.0,0.0
GRASS,42.0,255.0,1.0
GRASS,42.0,255.0,2.0
GRASS,42.0,255.0,3.0
GRASS,42.0,255.0,4.0
GRASS,42.0,255.0,5.0
GRASS,42.0,255.0,6.0
GRASS,42.0,255.0,7.0
GRASS,42.0,255.0,8.0
GRASS,42.0,255.0,9.0
GRASS,42.0,255.0,10.0
GRASS,42.0,255.0,11.0
GRASS,42.0,255.0,12.0
GRASS,42.0,250.0,13.0
GRASS,42.0,250.0,14.0
GRASS,42.0,250.0,15.0
GRASS,43.0,255.0,0.0
GRASS,43.0,255.0,1.0
GRASS,43.0,255.0,2.0
GRASS,43.0,255.0,3.0
GRASS,43.0,255.0,4.0
GRASS,43.0,255.0,5.0
GRASS,43.0,255.0,6.0
GRASS,43.0,251.0,7.0
GRASS,43.0,255.0,8.0
GRASS,43.0,255.0,9.0
GRASS,43.0,255.0,10.0
GRASS,43.0,255.0,11.0
GRASS,43.0,254.0,12.0
GRASS,43.0,255.0,13.0
GRASS,43.0,255.0,14.0
GRASS,43.0,250.0,15.0
GRASS,44.0,255.0,0.0
GRASS,44.0,255.0,1.0
GRASS,44.0,255.0,2.0
GRASS,44.0,254.0,3.0
GRASS,44.0,255.0,4.0
GRASS,44.0,251.0,5.0
GRASS,44.0,251.0,6.0
GRASS,44.0,251.0,7.0
GRASS,44.0,251.0,8.0
GRASS,44.0,251.0,9.0
GRASS,44.0,255.0,10.0
GRASS,44.0,254.0,11.0
GRASS,44.0,254.0,12.0
GRASS,44.0,254.0,13.0
GRASS,44.0,255.0,14.0
GRASS,44.0,254.0,15.0
GRASS,45.0,255.0,0.0
GRASS,45.0,255.0,1.0
GRASS,45.0,255.0,2.0
GRASS,45.0,255.0,3.0
GRASS,45.0,255.0,4.0
GRASS,45.0,251.0,5.0
GRASS,45.0,251.0,6.0
GRASS,45.0,251.0,7.0
GRASS,45.0,251.0,8.0
DIRT,45.0,251.0,9.0
LOG,45.0,253.0,10.0
LOG,45.0,252.0,10.0
LOG,45.0,251.0,10.0
LOG,45.0,250.0,10.0
LEAF,45.0,249.0,10.0
LEAF,44.0,250.0,10.0
LEAF,46.0,250.0,10.0
LEAF,45.0,250.0,9.0
LEAF,45.0,250.0,11.0
DIRT,45.0,254.0,10.0
GRASS,45.0,254.0,11.0
GRASS,45.0,253.0,12.0
GRASS,45.0,254.0,13.0
LOG,45.0,253.0,14.0
LOG,45.0,252.0,14.0
LOG,45.0,251.0,14.0
LOG,45.0,250.0,14.0
LOG,45.0,249.0,14.0
LEAF,45.0,248.0,14.0
LEAF,44.0,249.0,14.0
LEAF,46.0,249.0,14.0
LEAF,45.0,249.0,13.0
LEAF,45.0,249.0,15.0
DIRT,45.0,254.0,14.0
GRASS,45.0,255.0,15.0
GRASS,46.0,255.0,0.0
GRASS,46.0,255.0,1.0
GRASS,46.0,255.0,2.0
GRASS,46.0,255.0,3.0
GRASS,46.0,254.0,4.0
GRASS,46.0,251.0,5.0
GRASS,46.0,251.0,6.0
GRASS,46.0,251.0,7.0
GRASS,46.0,251.0,8.0
LOG,46.0,250.0,9.0
LOG,46.0,249.0,9.0
LOG,46.0,248.0,9.0
LOG,46.0,247.0,9.0
LEAF,46.0,246.0,9.0
LEAF,45.0,247.0,9.0
LEAF,47.0,247.0,9.0
LEAF,46.0,247.0,8.0
LEAF,46.0,247.0,10.0
DIRT,46.0,251.0,9.0
DIRT,46.0,251.0,10.0
GRASS,46.0,254.0,11.0
GRASS,46.0,254.0,12.0
LOG,46.0,253.0,13.0
LOG,46.0,252.0,13.0
LOG,46.0,251.0,13.0
LOG,46.0,250.0,13.0
LOG,46.0,249.0,13.0
LEAF,46.0,248.0,13.0
LEAF,45.0,249.0,13.0
LEAF,47.0,249.0,13.0
LEAF,46.0,249.0,12.0
LEAF,46.0,249.0,14.0
DIRT,46.0,254.0,13.0
GRASS,46.0,255.0,14.0
GRASS,46.0,255.0,15.0
GRASS,47.0,255.0,0.0
GRASS,47.0,255.0,1.0
GRASS,47.0,255.0,2.0
GRASS,47.0,254.0,3.0
GRASS,47.0,254.0,4.0
GRASS,47.0,254.0,5.0
GRASS,47.0,251.0,6.0
GRASS,47.0,251.0,7.0
GRASS,47.0,251.0,8.0
GRASS,47.0,251.0,9.0
GRASS,47.0,255.0,10.0
GRASS,47.0,255.0,11.0
GRASS,47.0,254.0,12.0
GRASS,47.0,255.0,13.0
GRASS,47.0,255.0,14.0
GRASS,47.0,255.0,15.0
