GRASS,32.0,410.0,96.0
GRASS,32.0,410.0,98.0
GRASS,32.0,410.0,100.0
GRASS,32.0,410.0,102.0
GRASS,32.0,410.0,104.0
GRASS,32.0,410.0,106.0
GRASS,32.0,410.0,108.0
GRASS,32.0,410.0,110.0
GRASS,32.0,410.0,112.0
GRASS,32.0,410.0,114.0
GRASS,32.0,410.0,116.0
GRASS,32.0,410.0,118.0
GRASS,32.0,408.0,120.0
GRASS,32.0,410.0,122.0
GRASS,32.0,410.0,124.0
GRASS,32.0,408.0,126.0
GRASS,34.0,410.0,96.0
GRASS,34.0,410.0,98.0
GRASS,34.0,410.0,100.0
GRASS,34.0,410.0,102.0
GRASS,34.0,410.0,104.0
GRASS,34.0,410.0,106.0
GRASS,34.0,410.0,108.0
GRASS,34.0,410.0,110.0
GRASS,34.0,410.0,112.0
GRASS,34.0,410.0,114.0
GRASS,34.0,410.0,116.0
GRASS,34.0,410.0,118.0
GRASS,34.0,410.0,120.0
GRASS,34.0,410.0,122.0
GRASS,34.0,408.0,124.0
GRASS,34.0,408.0,126.0
GRASS,36.0,410.0,96.0
GRASS,36.0,410.0,98.0
GRASS,36.0,410.0,100.0
GRASS,36.0,410.0,102.0
GRASS,36.0,410.0,104.0
GRASS,36.0,410.0,106.0
GRASS,36.0,410.0,108.0
GRASS,36.0,410.0,110.0
GRASS,36.0,408.0,112.0
GRASS,36.0,410.0,114.0
GRASS,36.0,408.0,116.0
GRASS,36.0,410.0,118.0
GRASS,36.0,410.0,120.0
GRASS,36.0,410.0,122.0
GRASS,36.0,410.0,124.0
GRASS,36.0,408.0,126.0
GRASS,38.0,410.0,96.0
GRASS,38.0,410.0,98.0
GRASS,38.0,410.0,100.0
GRASS,38.0,410.0,102.0
GRASS,38.0,410.0,104.0
GRASS,38.0,410.0,106.0
GRASS,38.0,408.0,108.0
GRASS,38.0,408.0,110.0
GRASS,38.0,408.0,112.0
GRASS,38.0,408.0,114.0
GRASS,38.0,410.0,116.0
GRASS,38.0,410.0,118.0
GRASS,38.0,410.0,120.0
GRASS,38.0,410.0,122.0
GRASS,38.0,410.0,124.0
GRASS,38.0,410.0,126.0
GRASS,40.0,410.0,96.0
GRASS,40.0,410.0,98.0
GRASS,40.0,410.0,100.0
GRASS,40.0,410.0,102.0
GRASS,40.0,410.0,104.0
GRASS,40.0,408.0,106.0
GRASS,40.0,408.0,108.0
GRASS,40.0,408.0,110.0
GRASS,40.0,406.0,112.0
GRASS,40.0,408.0,114.0
GRASS,40.0,408.0,116.0
GRASS,40.0,410.0,118.0
GRASS,40.0,410.0,120.0
GRASS,40.0,410.0,122.0
GRASS,40.0,410.0,124.0
GRASS,40.0,410.0,126.0
GRASS,42.0,410.0,96.0
GRASS,42.0,410.0,98.0
GRASS,42.0,410.0,100.0
GRASS,42.0,410.0,102.0
GRASS,42.0,408.0,104.0
GRASS,42.0,408.0,106.0
GRASS,42.0,406.0,108.0
GRASS,42.0,408.0,110.0
GRASS,42.0,408.0,112.0
GRASS,42.0,408.0,114.0
GRASS,42.0,410.0,116.0
GRASS,42.0,410.0,118.0
GRASS,42.0,410.0,120.0
GRASS,42.0,410.0,122.0
GRASS,42.0,410.0,124.0
GRASS,42.0,410.0,126.0
GRASS,44.0,410.0,96.0
GRASS,44.0,408.0,98.0
GRASS,44.0,410.0,100.0
GRASS,44.0,410.0,102.0
GRASS,44.0,410.0,104.0
GRASS,44.0,408.0,106.0
GRASS,44.0,408.0,108.0
GRASS,44.0,408.0,110.0
GRASS,44.0,408.0,112.0
GRASS,44.0,410.0,114.0
GRASS,44.0,410.0,116.0
GRASS,44.0,410.0,118.0
GRASS,44.0,410.0,120.0
GRASS,44.0,410.0,122.0
GRASS,44.0,410.0,124.0
GRASS,44.0,410.0,126.0
GRASS,46.0,410.0,96.0
GRASS,46.0,410.0,98.0
GRASS,46.0,410.0,100.0
GRASS,46.0,410.0,102.0
GRASS,46.0,410.0,104.0
GRASS,46.0,410.0,106.0
GRASS,46.0,408.0,108.0
GRASS,46.0,410.0,110.0
GRASS,46.0,410.0,112.0
GRASS,46.0,410.0,114.0
GRASS,46.0,410.0,116.0
GRASS,46.0,410.0,118.0
GRASS,46.0,410.0,120.0
GRASS,46.0,410.0,122.0
GRASS,46.0,410.0,124.0
GRASS,46.0,410.0,126.0
GRASS,48.0,410.0,96.0
GRASS,48.0,410.0,98.0
GRASS,48.0,410.0,100.0
GRASS,48.0,410.0,102.0
GRASS,48.0,410.0,104.0
GRASS,48.0,410.0,106.0
GRASS,48.0,410.0,108.0
GRASS,48.0,410.0,110.0
GRASS,48.0,410.0,112.0
GRASS,48.0,410.0,114.0
GRASS,48.0,410.0,116.0
GRASS,48.0,410.0,118.0
GRASS,48.0,410.0,120.0
GRASS,48.0,410.0,122.0
GRASS,48.0,410.0,124.0
GRASS,48.0,410.0,126.0
GRASS,50.0,410.0,96.0
GRASS,50.0,410.0,98.0
GRASS,50.0,410.0,100.0
GRASS,50.0,410.0,102.0
GRASS,50.0,410.0,104.0
GRASS,50.0,410.0,106.0
GRASS,50.0,410.0,108.0
GRASS,50.0,410.0,110.0
GRASS,50.0,410.0,112.0
GRASS,50.0,410.0,114.0
GRASS,50.0,410.0,116.0
GRASS,50.0,410.0,118.0
GRASS,50.0,410.0,120.0
GRASS,50.0,410.0,122.0
GRASS,50.0,410.0,124.0
GRASS,50.0,410.0,126.0
GRASS,52.0,410.0,96.0
GRASS,52.0,410.0,98.0
GRASS,52.0,404.0,100.0
GRASS,52.0,410.0,102.0
GRASS,52.0,410.0,104.0
GRASS,52.0,410.0,106.0
GRASS,52.0,410.0,108.0
GRASS,52.0,410.0,110.0
GRASS,52.0,410.0,112.0
GRASS,52.0,410.0,114.0
GRASS,52.0,410.0,116.0
GRASS,52.0,410.0,118.0
GRASS,52.0,410.0,120.0
GRASS,52.0,408.0,122.0
GRASS,52.0,410.0,124.0
GRASS,52.0,410.0,126.0
GRASS,54.0,404.0,96.0
GRASS,54.0,404.0,98.0
GRASS,54.0,404.0,100.0
GRASS,54.0,404.0,102.0
GRASS,54.0,404.0,104.0
GRASS,54.0,410.0,106.0
GRASS,54.0,410.0,108.0
GRASS,54.0,410.0,110.0
GRASS,54.0,410.0,112.0
GRASS,54.0,410.0,114.0
LOG,54.0,408.0,116.0
LOG,54.0,406.0,116.0
LOG,54.0,404.0,116.0
LOG,54.0,402.0,116.0
LEAF,54.0,400.0,116.0
LEAF,52.0,402.0,116.0
LEAF,56.0,402.0,116.0
LEAF,54.0,402.0,114.0
LEAF,54.0,402.0,118.0
DIRT,54.0,410.0,116.0
GRASS,54.0,410.0,118.0
GRASS,54.0,410.0,120.0
GRASS,54.0,410.0,122.0
GRASS,54.0,410.0,124.0
GRASS,54.0,410.0,126.0
GRASS,56.0,404.0,96.0
GRASS,56.0,404.0,98.0
GRASS,56.0,404.0,100.0
GRASS,56.0,404.0,102.0
GRASS,56.0,404.0,104.0
GRASS,56.0,404.0,106.0
GRASS,56.0,410.0,108.0
GRASS,56.0,410.0,110.0
GRASS,56.0,410.0,112.0
GRASS,56.0,410.0,114.0
GRASS,56.0,410.0,116.0
GRASS,56.0,410.0,118.0
GRASS,56.0,410.0,120.0
GRASS,56.0,410.0,122.0
GRASS,56.0,410.0,124.0
GRASS,56.0,410.0,126.0
GRASS,58.0,404.0,96.0
GRASS,58.0,404.0,98.0
GRASS,58.0,404.0,100.0
GRASS,58.0,404.0,102.0
GRASS,58.0,404.0,104.0
GRASS,58.0,404.0,106.0
GRASS,58.0,410.0,108.0
GRASS,58.0,410.0,110.0
GRASS,58.0,410.0,112.0
GRASS,58.0,410.0,114.0
GRASS,58.0,410.0,116.0
GRASS,58.0,410.0,118.0
GRASS,58.0,402.0,120.0
GRASS,58.0,410.0,122.0
GRASS,58.0,410.0,124.0
GRASS,58.0,408.0,126.0
GRASS,60.0,404.0,96.0
GRASS,60.0,404.0,98.0
GRASS,60.0,400.0,100.0
GRASS,60.0,404.0,102.0
GRASS,60.0,404.0,104.0
GRASS,60.0,404.0,106.0
GRASS,60.0,404.0,108.0
GRASS,60.0,410.0,110.0
GRASS,60.0,410.0,112.0
GRASS,60.0,410.0,114.0
GRASS,60.0,402.0,116.0
GRASS,60.0,402.0,118.0
GRASS,60.0,402.0,120.0
GRASS,60.0,402.0,122.0
GRASS,60.0,402.0,124.0
GRASS,60.0,408.0,126.0
GRASS,62.0,404.0,96.0
GRASS,62.0,404.0,98.0
GRASS,62.0,404.0,100.0
GRASS,62.0,404.0,102.0
GRASS,62.0,404.0,104.0
GRASS,62.0,404.0,106.0
GRASS,62.0,410.0,108.0
GRASS,62.0,410.0,110.0
GRASS,62.0,410.0,112.0
GRASS,62.0,410.0,114.0
GRASS,62.0,402.0,116.0
GRASS,62.0,402.0,118.0
GRASS,62.0,402.0,120.0
GRASS,62.0,402.0,122.0
GRASS,62.0,402.0,124.0
GRASS,62.0,410.0,126.0
