GRASS,33.28,20.4,33.28
GRASS,33.28,20.4,33.36
LEAF,33.36,20.0,33.44
GRASS,33.28,20.4,33.44
GRASS,33.28,20.4,33.52
GRASS,33.28,20.4,33.6
STONE,33.28,20.24,33.68
STONE,33.28,20.32,33.68
STONE,33.28,20.4,33.68
GRASS,33.28,20.16,33.68
STONE,33.28,20.24,33.76
STONE,33.28,20.32,33.76
STONE,33.28,20.4,33.76
GRASS,33.28,20.16,33.76
STONE,33.28,20.4,33.84
GRASS,33.28,20.32,33.84
STONE,33.28,20.4,33.92
GRASS,33.28,20.32,33.92
STONE,33.28,20.4,34.0
GRASS,33.28,20.32,34.0
STONE,33.28,20.4,34.079998
GRASS,33.28,20.32,34.079998
STONE,33.28,20.4,34.16
GRASS,33.28,20.32,34.16
STONE,33.28,20.4,34.239998
GRASS,33.28,20.32,34.239998
GRASS,33.28,20.4,34.32
GRASS,33.28,20.4,34.399998
GRASS,33.28,20.4,34.48
GRASS,33.36,20.4,33.28
GRASS,33.36,20.4,33.36
GRASS,33.36,20.4,33.44
GRASS,33.36,20.4,33.52
GRASS,33.36,20.4,33.6
BIRCH_LOG,33.36,20.32,33.68
BIRCH_LOG,33.36,20.24,33.68
BIRCH_LOG,33.36,20.16,33.68
BIRCH_LOG,33.36,20.08,33.68
BIRCH_LOG,33.36,20.0,33.68
LEAF,33.36,19.92,33.68
LEAF,33.440002,20.0,33.68
LEAF,33.36,20.0,33.6
LEAF,33.36,20.0,33.760002
GRASS,33.36,20.4,33.68
STONE,33.36,20.24,33.76
STONE,33.36,20.32,33.76
STONE,33.36,20.4,33.76
GRASS,33.36,20.16,33.76
GRASS,33.36,20.4,33.84
STONE,33.36,20.4,33.92
GRASS,33.36,20.32,33.92
GRASS,33.36,20.4,34.0
GRASS,33.36,20.4,34.079998
STONE,33.36,20.4,34.16
GRASS,33.36,20.32,34.16
GRASS,33.36,20.4,34.239998
GRASS,33.36,20.4,34.32
GRASS,33.36,20.4,34.399998
GRASS,33.36,20.4,34.48
GRASS,33.44,20.4,33.28
GRASS,33.44,20.4,33.36
GRASS,33.44,20.4,33.44
GRASS,33.44,20.4,33.52
GRASS,33.44,20.4,33.6
GRASS,33.44,20.4,33.68
GRASS,33.44,20.4,33.76
GRASS,33.44,20.4,33.84
GRASS,33.44,20.4,33.92
GRASS,33.44,20.4,34.0
GRASS,33.44,20.4,34.079998
GRASS,33.44,20.4,34.16
GRASS,33.44,20.4,34.239998
GRASS,33.44,20.4,34.32
GRASS,33.44,20.4,34.399998
GRASS,33.44,20.4,34.48
GRASS,33.52,20.4,33.28
GRASS,33.52,20.4,33.36
GRASS,33.52,20.4,33.44
STONE,33.52,20.4,33.52
GRASS,33.52,20.32,33.52
GRASS,33.52,20.4,33.6
GRASS,33.52,20.4,33.68
GRASS,33.52,20.4,33.76
GRASS,33.52,20.4,33.84
GRASS,33.52,20.4,33.92
GRASS,33.52,20.4,34.0
GRASS,33.52,20.4,34.079998
GRASS,33.52,20.4,34.16
GRASS,33.52,20.4,34.239998
GRASS,33.52,20.4,34.32
GRASS,33.52,20.4,34.399998
GRASS,33.52,20.4,34.48
GRASS,33.6,20.4,33.28
GRASS,33.6,20.4,33.36
GRASS,33.6,20.4,33.44
GRASS,33.6,20.4,33.52
GRASS,33.6,20.4,33.6
GRASS,33.6,20.4,33.68
GRASS,33.6,20.4,33.76
GRASS,33.6,20.4,33.84
GRASS,33.6,20.4,33.92
GRASS,33.6,20.4,34.0
GRASS,33.6,20.4,34.079998
GRASS,33.6,20.4,34.16
GRASS,33.6,20.4,34.239998
GRASS,33.6,20.4,34.32
GRASS,33.6,20.4,34.399998
GRASS,33.6,20.4,34.48
GRASS,33.68,20.4,33.28
GRASS,33.68,20.4,33.36
GRASS,33.68,20.4,33.44
GRASS,33.68,20.4,33.52
GRASS,33.68,20.4,33.6
GRASS,33.68,20.4,33.68
GRASS,33.68,20.4,33.76
STONE,33.68,20.4,33.84
GRASS,33.68,20.32,33.84
GRASS,33.68,20.4,33.92
GRASS,33.68,20.4,34.0
STONE,33.68,20.4,34.079998
GRASS,33.68,20.32,34.079998
LOG,33.68,20.32,34.16
LOG,33.68,20.24,34.16
LOG,33.68,20.16,34.16
LOG,33.68,20.08,34.16
LEAF,33.68,20.0,34.16
LEAF,33.6,20.08,34.16
LEAF,33.760002,20.08,34.16
LEAF,33.68,20.08,34.079998
LEAF,33.68,20.08,34.24
GRASS,33.68,20.4,34.16
GRASS,33.68,20.4,34.239998
GRASS,33.68,20.4,34.32
GRASS,33.68,20.4,34.399998
GRASS,33.68,20.4,34.48
GRASS,33.76,20.4,33.28
GRASS,33.76,20.4,33.36
GRASS,33.76,20.4,33.44
GRASS,33.76,20.4,33.52
GRASS,33.76,20.4,33.6
STONE,33.76,20.4,33.68
GRASS,33.76,20.32,33.68
STONE,33.76,20.4,33.76
GRASS,33.76,20.32,33.76
STONE,33.76,20.4,33.84
GRASS,33.76,20.32,33.84
STONE,33.76,20.4,33.92
GRASS,33.76,20.32,33.92
STONE,33.76,20.4,34.0
GRASS,33.76,20.32,34.0
STONE,33.76,20.4,34.079998
GRASS,33.76,20.32,34.079998
STONE,33.76,20.4,34.16
GRASS,33.76,20.32,34.16
GRASS,33.76,20.4,34.239998
STONE,33.76,20.4,34.32
GRASS,33.76,20.32,34.32
GRASS,33.76,20.4,34.399998
GRASS,33.76,20.4,34.48
GRASS,33.84,20.4,33.28
GRASS,33.84,20.4,33.36
GRASS,33.84,20.4,33.44
GRASS,33.84,20.4,33.52
GRASS,33.84,20.4,33.6
STONE,33.84,20.4,33.68
GRASS,33.84,20.32,33.68
STONE,33.84,20.32,33.76
STONE,33.84,20.4,33.76
GRASS,33.84,20.24,33.76
STONE,33.84,20.32,33.84
STONE,33.84,20.4,33.84
GRASS,33.84,20.24,33.84
STONE,33.84,20.32,33.92
STONE,33.84,20.4,33.92
GRASS,33.84,20.24,33.92
STONE,33.84,20.4,34.0
GRASS,33.84,20.32,34.0
STONE,33.84,20.32,34.079998
STONE,33.84,20.4,34.079998
GRASS,33.84,20.24,34.079998
STONE,33.84,20.4,34.16
GRASS,33.84,20.32,34.16
STONE,33.84,20.4,34.239998
GRASS,33.84,20.32,34.239998
STONE,33.84,20.4,34.32
GRASS,33.84,20.32,34.32
STONE,33.84,20.4,34.399998
GRASS,33.84,20.32,34.399998
GRASS,33.84,20.4,34.48
GRASS,33.92,20.4,33.28
GRASS,33.92,20.4,33.36
GRASS,33.92,20.4,33.44
GRASS,33.92,20.4,33.52
STONE,33.92,20.4,33.6
GRASS,33.92,20.32,33.6
STONE,33.92,20.4,33.68
GRASS,33.92,20.32,33.68
STONE,33.92,20.32,33.76
STONE,33.92,20.4,33.76
GRASS,33.92,20.24,33.76
STONE,33.92,20.24,33.84
STONE,33.92,20.32,33.84
STONE,33.92,20.4,33.84
GRASS,33.92,20.16,33.84
STONE,33.92,20.32,33.92
STONE,33.92,20.4,33.92
GRASS,33.92,20.24,33.92
STONE,33.92,20.4,34.0
GRASS,33.92,20.32,34.0
STONE,33.92,20.4,34.079998
GRASS,33.92,20.32,34.079998
STONE,33.92,20.4,34.16
GRASS,33.92,20.32,34.16
STONE,33.92,20.4,34.239998
GRASS,33.92,20.32,34.239998
STONE,33.92,20.32,34.32
STONE,33.92,20.4,34.32
GRASS,33.92,20.24,34.32
STONE,33.92,20.4,34.399998
GRASS,33.92,20.32,34.399998
STONE,33.92,20.4,34.48
GRASS,33.92,20.32,34.48
STONE,34.0,20.4,33.28
GRASS,34.0,20.32,33.28
GRASS,34.0,20.4,33.36
GRASS,34.0,20.4,33.44
GRASS,34.0,20.4,33.52
GRASS,34.0,20.4,33.6
STONE,34.0,20.4,33.68
GRASS,34.0,20.32,33.68
STONE,34.0,20.32,33.76
STONE,34.0,20.4,33.76
GRASS,34.0,20.24,33.76
STONE,34.0,20.32,33.84
STONE,34.0,20.4,33.84
GRASS,34.0,20.24,33.84
STONE,34.0,20.32,33.92
STONE,34.0,20.4,33.92
GRASS,34.0,20.24,33.92
STONE,34.0,20.4,34.0
GRASS,34.0,20.32,34.0
STONE,34.0,20.4,34.079998
GRASS,34.0,20.32,34.079998
GRASS,34.0,20.4,34.16
STONE,34.0,20.4,34.239998
GRASS,34.0,20.32,34.239998
STONE,34.0,20.4,34.32
GRASS,34.0,20.32,34.32
STONE,34.0,20.4,34.399998
GRASS,34.0,20.32,34.399998
GRASS,34.0,20.4,34.48
GRASS,34.079998,20.4,33.28
GRASS,34.079998,20.4,33.36
GRASS,34.079998,20.4,33.44
GRASS,34.079998,20.4,33.52
GRASS,34.079998,20.4,33.6
STONE,34.079998,20.4,33.68
GRASS,34.079998,20.32,33.68
STONE,34.079998,20.4,33.76
GRASS,34.079998,20.32,33.76
STONE,34.079998,20.4,33.84
GRASS,34.079998,20.32,33.84
STONE,34.079998,20.4,33.92
GRASS,34.079998,20.32,33.92
STONE,34.079998,20.4,34.0
GRASS,34.079998,20.32,34.0
GRASS,34.079998,20.4,34.079998
GRASS,34.079998,20.4,34.16
GRASS,34.079998,20.4,34.239998
STONE,34.079998,20.4,34.32
GRASS,34.079998,20.32,34.32
GRASS,34.079998,20.4,34.399998
GRASS,34.079998,20.4,34.48
GRASS,34.16,20.4,33.28
GRASS,34.16,20.4,33.36
GRASS,34.16,20.4,33.44
GRASS,34.16,20.4,33.52
GRASS,34.16,20.4,33.6
GRASS,34.16,20.4,33.68
GRASS,34.16,20.4,33.76
STONE,34.16,20.4,33.84
GRASS,34.16,20.32,33.84
GRASS,34.16,20.4,33.92
GRASS,34.16,20.4,34.0
GRASS,34.16,20.4,34.079998
GRASS,34.16,20.4,34.16
GRASS,34.16,20.4,34.239998
GRASS,34.16,20.4,34.32
GRASS,34.16,20.4,34.399998
GRASS,34.16,20.4,34.48
GRASS,34.239998,20.4,33.28
GRASS,34.239998,20.4,33.36
GRASS,34.239998,20.4,33.44
GRASS,34.239998,20.4,33.52
GRASS,34.239998,20.4,33.6
GRASS,34.239998,20.4,33.68
GRASS,34.239998,20.4,33.76
GRASS,34.239998,20.4,33.84
GRASS,34.239998,20.4,33.92
GRASS,34.239998,20.4,34.0
GRASS,34.239998,20.4,34.079998
GRASS,34.239998,20.4,34.16
STONE,34.239998,20.4,34.239998
GRASS,34.239998,20.32,34.239998
GRASS,34.239998,20.4,34.32
GRASS,34.239998,20.4,34.399998
GRASS,34.239998,20.4,34.48
GRASS,34.32,20.4,33.28
GRASS,34.32,20.4,33.36
GRASS,34.32,20.4,33.44
GRASS,34.32,20.4,33.52
GRASS,34.32,20.4,33.6
GRASS,34.32,20.4,33.68
GRASS,34.32,20.4,33.76
GRASS,34.32,20.4,33.84
GRASS,34.32,20.4,33.92
GRASS,34.32,20.4,34.0
GRASS,34.32,20.4,34.079998
GRASS,34.32,20.4,34.16
GRASS,34.32,20.4,34.239998
GRASS,34.32,20.4,34.32
GRASS,34.32,20.4,34.399998
GRASS,34.32,20.4,34.48
GRASS,34.399998,20.4,33.28
GRASS,34.399998,20.4,33.36
GRASS,34.399998,20.4,33.44
GRASS,34.399998,20.4,33.52
GRASS,34.399998,20.4,33.6
GRASS,34.399998,20.4,33.68
GRASS,34.399998,20.4,33.76
GRASS,34.399998,20.4,33.84
GRASS,34.399998,20.4,33.92
GRASS,34.399998,20.4,34.0
GRASS,34.399998,20.4,34.079998
GRASS,34.399998,20.4,34.16
GRASS,34.399998,20.4,34.239998
GRASS,34.399998,20.4,34.32
GRASS,34.399998,20.4,34.399998
GRASS,34.399998,20.4,34.48
GRASS,34.48,20.4,33.28
GRASS,34.48,20.4,33.36
GRASS,34.48,20.4,33.44
GRASS,34.48,20.4,33.52
GRASS,34.48,20.4,33.6
GRASS,34.48,20.4,33.68
GRASS,34.48,20.4,33.76
GRASS,34.48,20.4,33.84
GRASS,34.48,20.4,33.92
GRASS,34.48,20.4,34.0
GRASS,34.48,20.4,34.079998
GRASS,34.48,20.4,34.16
GRASS,34.48,20.4,34.239998
GRASS,34.48,20.4,34.32
GRASS,34.48,20.4,34.399998
GRASS,34.48,20.4,34.48
