GRASS,48.0,255.0,48.0
GRASS,48.0,255.0,49.0
GRASS,48.0,255.0,50.0
GRASS,48.0,255.0,51.0
GRASS,48.0,255.0,52.0
GRASS,48.0,255.0,53.0
GRASS,48.0,255.0,54.0
GRASS,48.0,255.0,55.0
GRASS,48.0,255.0,56.0
GRASS,48.0,255.0,57.0
GRASS,48.0,255.0,58.0
GRASS,48.0,255.0,59.0
GRASS,48.0,255.0,60.0
GRASS,48.0,255.0,61.0
STONE,48.0,255.0,62.0
GRASS,48.0,254.0,62.0
STONE,48.0,252.0,63.0
STONE,48.0,253.0,63.0
STONE,48.0,254.0,63.0
STONE,48.0,255.0,63.0
GRASS,48.0,251.0,63.0
GRASS,49.0,255.0,48.0
GRASS,49.0,255.0,49.0
GRASS,49.0,255.0,50.0
GRASS,49.0,255.0,51.0
GRASS,49.0,255.0,52.0
GRASS,49.0,255.0,53.0
GRASS,49.0,255.0,54.0
GRASS,49.0,255.0,55.0
GRASS,49.0,255.0,56.0
GRASS,49.0,255.0,57.0
GRASS,49.0,255.0,58.0
GRASS,49.0,255.0,59.0
GRASS,49.0,255.0,60.0
GRASS,49.0,255.0,61.0
GRASS,49.0,255.0,62.0
GRASS,49.0,255.0,63.0
GRASS,50.0,255.0,48.0
GRASS,50.0,255.0,49.0
GRASS,50.0,255.0,50.0
GRASS,50.0,255.0,51.0
GRASS,50.0,255.0,52.0
GRASS,50.0,255.0,53.0
GRASS,50.0,255.0,54.0
GRASS,50.0,255.0,55.0
GRASS,50.0,255.0,56.0
GRASS,50.0,255.0,57.0
LOG,50.0,254.0,58.0
LOG,50.0,253.0,58.0
LOG,50.0,252.0,58.0
LOG,50.0,251.0,58.0
LOG,50.0,250.0,58.0
LEAF,50.0,249.0,58.0
LEAF,49.0,250.0,58.0
LEAF,51.0,250.0,58.0
LEAF,50.0,250.0,57.0
LEAF,50.0,250.0,59.0
DIRT,50.0,255.0,58.0
GRASS,50.0,255.0,59.0
GRASS,50.0,255.0,60.0
GRASS,50.0,255.0,61.0
GRASS,50.0,255.0,62.0
GRASS,50.0,255.0,63.0
GRASS,51.0,255.0,48.0
GRASS,51.0,255.0,49.0
GRASS,51.0,255.0,50.0
GRASS,51.0,255.0,51.0
GRASS,51.0,255.0,52.0
GRASS,51.0,255.0,53.0
GRASS,51.0,255.0,54.0
GRASS,51.0,255.0,55.0
GRASS,51.0,255.0,56.0
GRASS,51.0,255.0,57.0
GRASS,51.0,255.0,58.0
GRASS,51.0,255.0,59.0
GRASS,51.0,255.0,60.0
GRASS,51.0,255.0,61.0
GRASS,51.0,255.0,62.0
GRASS,51.0,255.0,63.0
GRASS,52.0,255.0,48.0
GRASS,52.0,255.0,49.0
GRASS,52.0,255.0,50.0
GRASS,52.0,255.0,51.0
GRASS,52.0,255.0,52.0
GRASS,52.0,255.0,53.0
GRASS,52.0,255.0,54.0
GRASS,52.0,255.0,55.0
GRASS,52.0,255.0,56.0
GRASS,52.0,255.0,57.0
GRASS,52.0,255.0,58.0
STONE,52.0,254.0,59.0
STONE,52.0,255.0,59.0
GRASS,52.0,253.0,59.0
GRASS,52.0,255.0,60.0
GRASS,52.0,255.0,61.0
GRASS,52.0,255.0,62.0
GRASS,52.0,255.0,63.0
GRASS,53.0,255.0,48.0
STONE,53.0,254.0,49.0
STONE,53.0,255.0,49.0
GRASS,53.0,253.0,49.0
GRASS,53.0,255.0,50.0
STONE,53.0,255.0,51.0
GRASS,53.0,254.0,51.0
GRASS,53.0,255.0,52.0
GRASS,53.0,255.0,53.0
GRASS,53.0,255.0,54.0
GRASS,53.0,255.0,55.0
GRASS,53.0,255.0,56.0
GRASS,53.0,255.0,57.0
STONE,53.0,254.0,58.0
STONE,53.0,255.0,58.0
GRASS,53.0,253.0,58.0
STONE,53.0,254.0,59.0
STONE,53.0,255.0,59.0
GRASS,53.0,253.0,59.0
STONE,53.0,254.0,60.0
STONE,53.0,255.0,60.0
GRASS,53.0,253.0,60.0
GRASS,53.0,255.0,61.0
GRASS,53.0,255.0,62.0
GRASS,53.0,255.0,63.0
STONE,54.0,254.0,48.0
STONE,54.0,255.0,48.0
GRASS,54.0,253.0,48.0
STONE,54.0,254.0,49.0
STONE,54.0,255.0,49.0
GRASS,54.0,253.0,49.0
STONE,54.0,255.0,50.0
GRASS,54.0,254.0,50.0
STONE,54.0,255.0,51.0
GRASS,54.0,254.0,51.0
STONE,54.0,255.0,52.0
GRASS,54.0,254.0,52.0
GRASS,54.0,255.0,53.0
GRASS,54.0,255.0,54.0
GRASS,54.0,255.0,55.0
GRASS,54.0,255.0,56.0
GRASS,54.0,255.0,57.0
GRASS,54.0,255.0,58.0
STONE,54.0,252.0,59.0
STONE,54.0,253.0,59.0
STONE,54.0,254.0,59.0
STONE,54.0,255.0,59.0
GRASS,54.0,251.0,59.0
GRASS,54.0,255.0,60.0
STONE,54.0,255.0,61.0
GRASS,54.0,254.0,61.0
LOG,54.0,254.0,62.0
LOG,54.0,253.0,62.0
LOG,54.0,252.0,62.0
LOG,54.0,251.0,62.0
LEAF,54.0,250.0,62.0
LEAF,53.0,251.0,62.0
LEAF,55.0,251.0,62.0
LEAF,54.0,251.0,61.0
LEAF,54.0,251.0,63.0
DIRT,54.0,255.0,62.0
GRASS,54.0,255.0,63.0
STONE,55.0,254.0,48.0
STONE,55.0,255.0,48.0
GRASS,55.0,253.0,48.0
STONE,55.0,254.0,49.0
STONE,55.0,255.0,49.0
GRASS,55.0,253.0,49.0
GRASS,55.0,255.0,50.0
STONE,55.0,255.0,51.0
GRASS,55.0,254.0,51.0
GRASS,55.0,255.0,52.0
GRASS,55.0,255.0,53.0
GRASS,55.0,255.0,54.0
GRASS,55.0,255.0,55.0
GRASS,55.0,255.0,56.0
STONE,55.0,252.0,57.0
STONE,55.0,253.0,57.0
STONE,55.0,254.0,57.0
STONE,55.0,255.0,57.0
GRASS,55.0,251.0,57.0
STONE,55.0,252.0,58.0
STONE,55.0,253.0,58.0
STONE,55.0,254.0,58.0
STONE,55.0,255.0,58.0
GRASS,55.0,251.0,58.0
STONE,55.0,252.0,59.0
STONE,55.0,253.0,59.0
STONE,55.0,254.0,59.0
STONE,55.0,255.0,59.0
GRASS,55.0,251.0,59.0
STONE,55.0,252.0,60.0
STONE,55.0,253.0,60.0
STONE,55.0,254.0,60.0
STONE,55.0,255.0,60.0
GRASS,55.0,251.0,60.0
STONE,55.0,252.0,61.0
STONE,55.0,253.0,61.0
STONE,55.0,254.0,61.0
STONE,55.0,255.0,61.0
GRASS,55.0,251.0,61.0
STONE,55.0,255.0,62.0
GRASS,55.0,254.0,62.0
GRASS,55.0,255.0,63.0
STONE,56.0,254.0,48.0
STONE,56.0,255.0,48.0
GRASS,56.0,253.0,48.0
STONE,56.0,254.0,49.0
STONE,56.0,255.0,49.0
GRASS,56.0,253.0,49.0
GRASS,56.0,255.0,50.0
GRASS,56.0,255.0,51.0
GRASS,56.0,255.0,52.0
GRASS,56.0,255.0,53.0
GRASS,56.0,255.0,54.0
GRASS,56.0,255.0,55.0
GRASS,56.0,255.0,56.0
STONE,56.0,255.0,57.0
GRASS,56.0,254.0,57.0
STONE,56.0,252.0,58.0
STONE,56.0,253.0,58.0
STONE,56.0,254.0,58.0
STONE,56.0,255.0,58.0
GRASS,56.0,251.0,58.0
STONE,56.0,252.0,59.0
STONE,56.0,253.0,59.0
STONE,56.0,254.0,59.0
STONE,56.0,255.0,59.0
LOG,56.0,250.0,59.0
LOG,56.0,249.0,59.0
LOG,56.0,248.0,59.0
LOG,56.0,247.0,59.0
LOG,56.0,246.0,59.0
LEAF,56.0,245.0,59.0
LEAF,55.0,246.0,59.0
LEAF,57.0,246.0,59.0
LEAF,56.0,246.0,58.0
LEAF,56.0,246.0,60.0
DIRT,56.0,251.0,59.0
STONE,56.0,252.0,60.0
STONE,56.0,253.0,60.0
STONE,56.0,254.0,60.0
STONE,56.0,255.0,60.0
GRASS,56.0,251.0,60.0
STONE,56.0,252.0,61.0
STONE,56.0,253.0,61.0
STONE,56.0,254.0,61.0
STONE,56.0,255.0,61.0
GRASS,56.0,251.0,61.0
STONE,56.0,254.0,62.0
STONE,56.0,255.0,62.0
GRASS,56.0,253.0,62.0
GRASS,56.0,255.0,63.0
STONE,57.0,254.0,48.0
STONE,57.0,255.0,48.0
GRASS,57.0,253.0,48.0
GRASS,57.0,255.0,49.0
GRASS,57.0,255.0,50.0
GRASS,57.0,255.0,51.0
GRASS,57.0,255.0,52.0
GRASS,57.0,255.0,53.0
GRASS,57.0,255.0,54.0
GRASS,57.0,255.0,55.0
STONE,57.0,255.0,56.0
GRASS,57.0,254.0,56.0
STONE,57.0,255.0,57.0
GRASS,57.0,254.0,57.0
STONE,57.0,255.0,58.0
GRASS,57.0,254.0,58.0
STONE,57.0,252.0,59.0
STONE,57.0,253.0,59.0
STONE,57.0,254.0,59.0
STONE,57.0,255.0,59.0
GRASS,57.0,251.0,59.0
STONE,57.0,254.0,60.0
STONE,57.0,255.0,60.0
GRASS,57.0,253.0,60.0
STONE,57.0,254.0,61.0
STONE,57.0,255.0,61.0
GRASS,57.0,253.0,61.0
STONE,57.0,254.0,62.0
STONE,57.0,255.0,62.0
GRASS,57.0,253.0,62.0
STONE,57.0,254.0,63.0
STONE,57.0,255.0,63.0
GRASS,57.0,253.0,63.0
STONE,58.0,255.0,48.0
GRASS,58.0,254.0,48.0
GRASS,58.0,255.0,49.0
GRASS,58.0,255.0,50.0
GRASS,58.0,255.0,51.0
GRASS,58.0,255.0,52.0
GRASS,58.0,255.0,53.0
GRASS,58.0,255.0,54.0
STONE,58.0,255.0,55.0
GRASS,58.0,254.0,55.0
STONE,58.0,255.0,56.0
GRASS,58.0,254.0,56.0
STONE,58.0,254.0,57.0
STONE,58.0,255.0,57.0
GRASS,58.0,253.0,57.0
STONE,58.0,255.0,58.0
GRASS,58.0,254.0,58.0
STONE,58.0,255.0,59.0
GRASS,58.0,254.0,59.0
STONE,58.0,254.0,60.0
STONE,58.0,255.0,60.0
GRASS,58.0,253.0,60.0
STONE,58.0,254.0,61.0
STONE,58.0,255.0,61.0
GRASS,58.0,253.0,61.0
STONE,58.0,254.0,62.0
STONE,58.0,255.0,62.0
GRASS,58.0,253.0,62.0
STONE,58.0,254.0,63.0
STONE,58.0,255.0,63.0
GRASS,58.0,253.0,63.0
GRASS,59.0,255.0,48.0
GRASS,59.0,255.0,49.0
GRASS,59.0,255.0,50.0
STONE,59.0,255.0,51.0
GRASS,59.0,254.0,51.0
GRASS,59.0,255.0,52.0
GRASS,59.0,255.0,53.0
GRASS,59.0,255.0,54.0
GRASS,59.0,255.0,55.0
STONE,59.0,255.0,56.0
GRASS,59.0,254.0,56.0
STONE,59.0,255.0,57.0
GRASS,59.0,254.0,57.0
STONE,59.0,255.0,58.0
GRASS,59.0,254.0,58.0
STONE,59.0,254.0,59.0
STONE,59.0,255.0,59.0
GRASS,59.0,253.0,59.0
STONE,59.0,254.0,60.0
STONE,59.0,255.0,60.0
GRASS,59.0,253.0,60.0
STONE,59.0,254.0,61.0
STONE,59.0,255.0,61.0
GRASS,59.0,253.0,61.0
STONE,59.0,252.0,62.0
STONE,59.0,253.0,62.0
STONE,59.0,254.0,62.0
STONE,59.0,255.0,62.0
GRASS,59.0,251.0,62.0
STONE,59.0,254.0,63.0
STONE,59.0,255.0,63.0
GRASS,59.0,253.0,63.0
GRASS,60.0,255.0,48.0
GRASS,60.0,255.0,49.0
GRASS,60.0,255.0,50.0
GRASS,60.0,255.0,51.0
GRASS,60.0,255.0,52.0
GRASS,60.0,255.0,53.0
GRASS,60.0,255.0,54.0
GRASS,60.0,255.0,55.0
GRASS,60.0,255.0,56.0
STONE,60.0,255.0,57.0
GRASS,60.0,254.0,57.0
GRASS,60.0,255.0,58.0
STONE,60.0,252.0,59.0
STONE,60.0,253.0,59.0
STONE,60.0,254.0,59.0
STONE,60.0,255.0,59.0
GRASS,60.0,251.0,59.0
STONE,60.0,254.0,60.0
STONE,60.0,255.0,60.0
GRASS,60.0,253.0,60.0
STONE,60.0,254.0,61.0
STONE,60.0,255.0,61.0
GRASS,60.0,253.0,61.0
STONE,60.0,254.0,62.0
STONE,60.0,255.0,62.0
GRASS,60.0,253.0,62.0
STONE,60.0,254.0,63.0
STONE,60.0,255.0,63.0
GRASS,60.0,253.0,63.0
GRASS,61.0,255.0,48.0
GRASS,61.0,255.0,49.0
GRASS,61.0,255.0,50.0
GRASS,61.0,255.0,51.0
GRASS,61.0,255.0,52.0
GRASS,61.0,255.0,53.0
GRASS,61.0,255.0,54.0
GRASS,61.0,255.0,55.0
GRASS,61.0,255.0,56.0
GRASS,61.0,255.0,57.0
GRASS,61.0,255.0,58.0
GRASS,61.0,255.0,59.0
STONE,61.0,254.0,60.0
STONE,61.0,255.0,60.0
GRASS,61.0,253.0,60.0
STONE,61.0,254.0,61.0
STONE,61.0,255.0,61.0
GRASS,61.0,253.0,61.0
STONE,61.0,254.0,62.0
STONE,61.0,255.0,62.0
GRASS,61.0,253.0,62.0
STONE,61.0,254.0,63.0
STONE,61.0,255.0,63.0
GRASS,61.0,253.0,63.0
GRASS,62.0,255.0,48.0
GRASS,62.0,255.0,49.0
GRASS,62.0,255.0,50.0
GRASS,62.0,255.0,51.0
GRASS,62.0,255.0,52.0
GRASS,62.0,255.0,53.0
GRASS,62.0,255.0,54.0
GRASS,62.0,255.0,55.0
GRASS,62.0,255.0,56.0
GRASS,62.0,255.0,57.0
GRASS,62.0,255.0,58.0
GRASS,62.0,255.0,59.0
STONE,62.0,255.0,60.0
GRASS,62.0,254.0,60.0
GRASS,62.0,255.0,61.0
STONE,62.0,254.0,62.0
STONE,62.0,255.0,62.0
GRASS,62.0,253.0,62.0
GRASS,62.0,255.0,63.0
GRASS,63.0,255.0,48.0
GRASS,63.0,255.0,49.0
GRASS,63.0,255.0,50.0
GRASS,63.0,255.0,51.0
GRASS,63.0,255.0,52.0
GRASS,63.0,255.0,53.0
GRASS,63.0,255.0,54.0
GRASS,63.0,255.0,55.0
GRASS,63.0,255.0,56.0
GRASS,63.0,255.0,57.0
GRASS,63.0,255.0,58.0
GRASS,63.0,255.0,59.0
GRASS,63.0,255.0,60.0
GRASS,63.0,255.0,61.0
GRASS,63.0,255.0,62.0
GRASS,63.0,255.0,63.0
