STONE,5.12,20.0,6.3999996
STONE,5.12,20.08,6.3999996
STONE,5.12,20.16,6.3999996
STONE,5.12,20.24,6.3999996
STONE,5.12,20.32,6.3999996
STONE,5.12,20.4,6.3999996
GRASS,5.12,19.92,6.3999996
STONE,5.12,20.0,6.4799995
STONE,5.12,20.08,6.4799995
STONE,5.12,20.16,6.4799995
STONE,5.12,20.24,6.4799995
STONE,5.12,20.32,6.4799995
STONE,5.12,20.4,6.4799995
GRASS,5.12,19.92,6.4799995
STONE,5.12,20.0,6.5599995
STONE,5.12,20.08,6.5599995
STONE,5.12,20.16,6.5599995
STONE,5.12,20.24,6.5599995
STONE,5.12,20.32,6.5599995
STONE,5.12,20.4,6.5599995
GRASS,5.12,19.92,6.5599995
STONE,5.12,20.0,6.6399994
STONE,5.12,20.08,6.6399994
STONE,5.12,20.16,6.6399994
STONE,5.12,20.24,6.6399994
STONE,5.12,20.32,6.6399994
STONE,5.12,20.4,6.6399994
GRASS,5.12,19.92,6.6399994
STONE,5.12,20.32,6.72
STONE,5.12,20.4,6.72
GRASS,5.12,20.24,6.72
STONE,5.12,20.32,6.7999997
STONE,5.12,20.4,6.7999997
GRASS,5.12,20.24,6.7999997
STONE,5.12,20.32,6.8799996
STONE,5.12,20.4,6.8799996
GRASS,5.12,20.24,6.8799996
GRASS,5.12,20.4,6.9599996
STONE,5.12,20.4,7.0399995
GRASS,5.12,20.32,7.0399995
STONE,5.12,20.32,7.1199994
STONE,5.12,20.4,7.1199994
GRASS,5.12,20.24,7.1199994
GRASS,5.12,20.4,7.2
GRASS,5.12,20.4,7.2799997
GRASS,5.12,20.4,7.3599997
GRASS,5.12,20.4,7.4399996
GRASS,5.12,20.4,7.5199995
GRASS,5.12,20.4,7.5999994
STONE,5.2,20.0,6.3999996
STONE,5.2,20.08,6.3999996
STONE,5.2,20.16,6.3999996
STONE,5.2,20.24,6.3999996
STONE,5.2,20.32,6.3999996
STONE,5.2,20.4,6.3999996
GRASS,5.2,19.92,6.3999996
STONE,5.2,20.0,6.4799995
STONE,5.2,20.08,6.4799995
STONE,5.2,20.16,6.4799995
STONE,5.2,20.24,6.4799995
STONE,5.2,20.32,6.4799995
STONE,5.2,20.4,6.4799995
GRASS,5.2,19.92,6.4799995
STONE,5.2,20.32,6.5599995
STONE,5.2,20.4,6.5599995
GRASS,5.2,20.24,6.5599995
STONE,5.2,20.32,6.6399994
STONE,5.2,20.4,6.6399994
GRASS,5.2,20.24,6.6399994
STONE,5.2,20.4,6.72
GRASS,5.2,20.32,6.72
STONE,5.2,20.32,6.7999997
STONE,5.2,20.4,6.7999997
GRASS,5.2,20.24,6.7999997
GRASS,5.2,20.4,6.8799996
GRASS,5.2,20.4,6.9599996
GRASS,5.2,20.4,7.0399995
STONE,5.2,20.4,7.1199994
GRASS,5.2,20.32,7.1199994
GRASS,5.2,20.4,7.2
GRASS,5.2,20.4,7.2799997
GRASS,5.2,20.4,7.3599997
GRASS,5.2,20.4,7.4399996
GRASS,5.2,20.4,7.5199995
GRASS,5.2,20.4,7.5999994
STONE,5.2799997,20.32,6.3999996
STONE,5.2799997,20.4,6.3999996
GRASS,5.2799997,20.24,6.3999996
STONE,5.2799997,20.32,6.4799995
STONE,5.2799997,20.4,6.4799995
GRASS,5.2799997,20.24,6.4799995
STONE,5.2799997,20.32,6.5599995
STONE,5.2799997,20.4,6.5599995
GRASS,5.2799997,20.24,6.5599995
STONE,5.2799997,20.4,6.6399994
GRASS,5.2799997,20.32,6.6399994
STONE,5.2799997,20.4,6.72
GRASS,5.2799997,20.32,6.72
STONE,5.2799997,20.4,6.7999997
GRASS,5.2799997,20.32,6.7999997
GRASS,5.2799997,20.4,6.8799996
GRASS,5.2799997,20.4,6.9599996
GRASS,5.2799997,20.4,7.0399995
GRASS,5.2799997,20.4,7.1199994
GRASS,5.2799997,20.4,7.2
GRASS,5.2799997,20.4,7.2799997
GRASS,5.2799997,20.4,7.3599997
GRASS,5.2799997,20.4,7.4399996
GRASS,5.2799997,20.4,7.5199995
GRASS,5.2799997,20.4,7.5999994
STONE,5.3599997,20.32,6.3999996
STONE,5.3599997,20.4,6.3999996
GRASS,5.3599997,20.24,6.3999996
STONE,5.3599997,20.32,6.4799995
STONE,5.3599997,20.4,6.4799995
GRASS,5.3599997,20.24,6.4799995
STONE,5.3599997,20.32,6.5599995
STONE,5.3599997,20.4,6.5599995
GRASS,5.3599997,20.24,6.5599995
STONE,5.3599997,20.32,6.6399994
STONE,5.3599997,20.4,6.6399994
GRASS,5.3599997,20.24,6.6399994
STONE,5.3599997,20.4,6.72
GRASS,5.3599997,20.32,6.72
GRASS,5.3599997,20.4,6.7999997
GRASS,5.3599997,20.4,6.8799996
GRASS,5.3599997,20.4,6.9599996
GRASS,5.3599997,20.4,7.0399995
GRASS,5.3599997,20.4,7.1199994
GRASS,5.3599997,20.4,7.2
GRASS,5.3599997,20.4,7.2799997
STONE,5.3599997,20.16,7.3599997
STONE,5.3599997,20.24,7.3599997
STONE,5.3599997,20.32,7.3599997
STONE,5.3599997,20.4,7.3599997
GRASS,5.3599997,20.08,7.3599997
GRASS,5.3599997,20.4,7.4399996
GRASS,5.3599997,20.4,7.5199995
GRASS,5.3599997,20.4,7.5999994
GRASS,5.44,20.4,6.3999996
GRASS,5.44,20.4,6.4799995
GRASS,5.44,20.4,6.5599995
GRASS,5.44,20.4,6.6399994
LOG,5.44,20.32,6.72
LOG,5.44,20.24,6.72
LOG,5.44,20.16,6.72
LOG,5.44,20.08,6.72
LOG,5.44,20.0,6.72
LEAF,5.44,19.92,6.72
LEAF,5.36,20.0,6.72
LEAF,5.52,20.0,6.72
LEAF,5.44,20.0,6.64
LEAF,5.44,20.0,6.7999997
DIRT,5.44,20.4,6.72
GRASS,5.44,20.4,6.7999997
GRASS,5.44,20.4,6.8799996
GRASS,5.44,20.4,6.9599996
GRASS,5.44,20.4,7.0399995
GRASS,5.44,20.4,7.1199994
STONE,5.44,20.16,7.2
STONE,5.44,20.24,7.2
STONE,5.44,20.32,7.2
STONE,5.44,20.4,7.2
GRASS,5.44,20.08,7.2
STONE,5.44,20.16,7.2799997
STONE,5.44,20.24,7.2799997
STONE,5.44,20.32,7.2799997
STONE,5.44,20.4,7.2799997
GRASS,5.44,20.08,7.2799997
STONE,5.44,20.16,7.3599997
STONE,5.44,20.24,7.3599997
STONE,5.44,20.32,7.3599997
STONE,5.44,20.4,7.3599997
GRASS,5.44,20.08,7.3599997
STONE,5.44,20.16,7.4399996
STONE,5.44,20.24,7.4399996
STONE,5.44,20.32,7.4399996
STONE,5.44,20.4,7.4399996
GRASS,5.44,20.08,7.4399996
STONE,5.44,20.16,7.5199995
STONE,5.44,20.24,7.5199995
STONE,5.44,20.32,7.5199995
STONE,5.44,20.4,7.5199995
GRASS,5.44,20.08,7.5199995
GRASS,5.44,20.4,7.5999994
GRASS,5.52,20.4,6.3999996
GRASS,5.52,20.4,6.4799995
GRASS,5.52,20.4,6.5599995
GRASS,5.52,20.4,6.6399994
GRASS,5.52,20.4,6.72
GRASS,5.52,20.4,6.7999997
GRASS,5.52,20.4,6.8799996
GRASS,5.52,20.4,6.9599996
GRASS,5.52,20.4,7.0399995
GRASS,5.52,20.4,7.1199994
STONE,5.52,20.16,7.2
STONE,5.52,20.24,7.2
STONE,5.52,20.32,7.2
STONE,5.52,20.4,7.2
GRASS,5.52,20.08,7.2
STONE,5.52,20.16,7.2799997
STONE,5.52,20.24,7.2799997
STONE,5.52,20.32,7.2799997
STONE,5.52,20.4,7.2799997
GRASS,5.52,20.08,7.2799997
STONE,5.52,20.16,7.3599997
STONE,5.52,20.24,7.3599997
STONE,5.52,20.32,7.3599997
STONE,5.52,20.4,7.3599997
GRASS,5.52,20.08,7.3599997
STONE,5.52,20.16,7.4399996
STONE,5.52,20.24,7.4399996
STONE,5.52,20.32,7.4399996
STONE,5.52,20.4,7.4399996
GRASS,5.52,20.08,7.4399996
STONE,5.52,20.16,7.5199995
STONE,5.52,20.24,7.5199995
STONE,5.52,20.32,7.5199995
STONE,5.52,20.4,7.5199995
GRASS,5.52,20.08,7.5199995
GRASS,5.52,20.4,7.5999994
GRASS,5.6,20.4,6.3999996
GRASS,5.6,20.4,6.4799995
GRASS,5.6,20.4,6.5599995
GRASS,5.6,20.4,6.6399994
GRASS,5.6,20.4,6.72
GRASS,5.6,20.4,6.7999997
GRASS,5.6,20.4,6.8799996
GRASS,5.6,20.4,6.9599996
GRASS,5.6,20.4,7.0399995
STONE,5.6,20.16,7.1199994
STONE,5.6,20.24,7.1199994
STONE,5.6,20.32,7.1199994
STONE,5.6,20.4,7.1199994
GRASS,5.6,20.08,7.1199994
STONE,5.6,20.16,7.2
STONE,5.6,20.24,7.2
STONE,5.6,20.32,7.2
STONE,5.6,20.4,7.2
BIRCH_LOG,5.6,20.0,7.2
BIRCH_LOG,5.6,19.92,7.2
BIRCH_LOG,5.6,19.84,7.2
BIRCH_LOG,5.6,19.76,7.2
LEAF,5.6,19.68,7.2
LEAF,5.52,19.76,7.2
LEAF,5.68,19.76,7.2
LEAF,5.6,19.76,7.12
LEAF,5.6,19.76,7.2799997
DIRT,5.6,20.08,7.2
STONE,5.6,20.16,7.2799997
STONE,5.6,20.24,7.2799997
STONE,5.6,20.32,7.2799997
STONE,5.6,20.4,7.2799997
GRASS,5.6,20.08,7.2799997
STONE,5.6,20.16,7.3599997
STONE,5.6,20.24,7.3599997
STONE,5.6,20.32,7.3599997
STONE,5.6,20.4,7.3599997
GRASS,5.6,20.08,7.3599997
STONE,5.6,20.16,7.4399996
STONE,5.6,20.24,7.4399996
STONE,5.6,20.32,7.4399996
STONE,5.6,20.4,7.4399996
GRASS,5.6,20.08,7.4399996
STONE,5.6,20.4,7.5199995
GRASS,5.6,20.32,7.5199995
STONE,5.6,20.16,7.5999994
STONE,5.6,20.24,7.5999994
STONE,5.6,20.32,7.5999994
STONE,5.6,20.4,7.5999994
GRASS,5.6,20.08,7.5999994
GRASS,5.68,20.4,6.3999996
GRASS,5.68,20.4,6.4799995
GRASS,5.68,20.4,6.5599995
GRASS,5.68,20.4,6.6399994
GRASS,5.68,20.4,6.72
GRASS,5.68,20.4,6.7999997
GRASS,5.68,20.4,6.8799996
GRASS,5.68,20.4,6.9599996
LOG,5.68,20.32,7.0399995
LOG,5.68,20.24,7.0399995
LOG,5.68,20.16,7.0399995
LOG,5.68,20.08,7.0399995
LOG,5.68,20.0,7.0399995
LEAF,5.68,19.92,7.0399995
LEAF,5.6,20.0,7.0399995
LEAF,5.7599998,20.0,7.0399995
LEAF,5.68,20.0,6.9599996
LEAF,5.68,20.0,7.1199994
DIRT,5.68,20.4,7.0399995
GRASS,5.68,20.4,7.1199994
STONE,5.68,20.16,7.2
STONE,5.68,20.24,7.2
STONE,5.68,20.32,7.2
STONE,5.68,20.4,7.2
GRASS,5.68,20.08,7.2
STONE,5.68,20.16,7.2799997
STONE,5.68,20.24,7.2799997
STONE,5.68,20.32,7.2799997
STONE,5.68,20.4,7.2799997
GRASS,5.68,20.08,7.2799997
STONE,5.68,20.16,7.3599997
STONE,5.68,20.24,7.3599997
STONE,5.68,20.32,7.3599997
STONE,5.68,20.4,7.3599997
GRASS,5.68,20.08,7.3599997
STONE,5.68,20.4,7.4399996
GRASS,5.68,20.32,7.4399996
STONE,5.68,20.4,7.5199995
GRASS,5.68,20.32,7.5199995
STONE,5.68,20.4,7.5999994
GRASS,5.68,20.32,7.5999994
GRASS,5.7599998,20.4,6.3999996
GRASS,5.7599998,20.4,6.4799995
GRASS,5.7599998,20.4,6.5599995
GRASS,5.7599998,20.4,6.6399994
GRASS,5.7599998,20.4,6.72
GRASS,5.7599998,20.4,6.7999997
GRASS,5.7599998,20.4,6.8799996
GRASS,5.7599998,20.4,6.9599996
GRASS,5.7599998,20.4,7.0399995
GRASS,5.7599998,20.4,7.1199994
STONE,5.7599998,20.16,7.2
STONE,5.7599998,20.24,7.2
STONE,5.7599998,20.32,7.2
STONE,5.7599998,20.4,7.2
GRASS,5.7599998,20.08,7.2
STONE,5.7599998,20.16,7.2799997
STONE,5.7599998,20.24,7.2799997
STONE,5.7599998,20.32,7.2799997
STONE,5.7599998,20.4,7.2799997
GRASS,5.7599998,20.08,7.2799997
STONE,5.7599998,20.16,7.3599997
STONE,5.7599998,20.24,7.3599997
STONE,5.7599998,20.32,7.3599997
STONE,5.7599998,20.4,7.3599997
GRASS,5.7599998,20.08,7.3599997
STONE,5.7599998,20.16,7.4399996
STONE,5.7599998,20.24,7.4399996
STONE,5.7599998,20.32,7.4399996
STONE,5.7599998,20.4,7.4399996
GRASS,5.7599998,20.08,7.4399996
STONE,5.7599998,20.4,7.5199995
GRASS,5.7599998,20.32,7.5199995
STONE,5.7599998,20.4,7.5999994
GRASS,5.7599998,20.32,7.5999994
GRASS,5.8399997,20.4,6.3999996
GRASS,5.8399997,20.4,6.4799995
GRASS,5.8399997,20.4,6.5599995
GRASS,5.8399997,20.4,6.6399994
GRASS,5.8399997,20.4,6.72
GRASS,5.8399997,20.4,6.7999997
BIRCH_LOG,5.8399997,20.32,6.8799996
BIRCH_LOG,5.8399997,20.24,6.8799996
BIRCH_LOG,5.8399997,20.16,6.8799996
BIRCH_LOG,5.8399997,20.08,6.8799996
LEAF,5.8399997,20.0,6.8799996
LEAF,5.7599998,20.08,6.8799996
LEAF,5.9199996,20.08,6.8799996
LEAF,5.8399997,20.08,6.7999997
LEAF,5.8399997,20.08,6.9599996
DIRT,5.8399997,20.4,6.8799996
GRASS,5.8399997,20.4,6.9599996
GRASS,5.8399997,20.4,7.0399995
GRASS,5.8399997,20.4,7.1199994
GRASS,5.8399997,20.4,7.2
GRASS,5.8399997,20.4,7.2799997
STONE,5.8399997,20.16,7.3599997
STONE,5.8399997,20.24,7.3599997
STONE,5.8399997,20.32,7.3599997
STONE,5.8399997,20.4,7.3599997
GRASS,5.8399997,20.08,7.3599997
STONE,5.8399997,20.4,7.4399996
GRASS,5.8399997,20.32,7.4399996
STONE,5.8399997,20.4,7.5199995
GRASS,5.8399997,20.32,7.5199995
STONE,5.8399997,20.32,7.5999994
STONE,5.8399997,20.4,7.5999994
GRASS,5.8399997,20.24,7.5999994
STONE,5.92,20.4,6.3999996
GRASS,5.92,20.32,6.3999996
GRASS,5.92,20.4,6.4799995
GRASS,5.92,20.4,6.5599995
GRASS,5.92,20.4,6.6399994
GRASS,5.92,20.4,6.72
GRASS,5.92,20.4,6.7999997
GRASS,5.92,20.4,6.8799996
GRASS,5.92,20.4,6.9599996
GRASS,5.92,20.4,7.0399995
GRASS,5.92,20.4,7.1199994
GRASS,5.92,20.4,7.2
GRASS,5.92,20.4,7.2799997
GRASS,5.92,20.4,7.3599997
GRASS,5.92,20.4,7.4399996
STONE,5.92,20.4,7.5199995
GRASS,5.92,20.32,7.5199995
STONE,5.92,20.4,7.5999994
GRASS,5.92,20.32,7.5999994
GRASS,6.0,20.4,6.3999996
GRASS,6.0,20.4,6.4799995
GRASS,6.0,20.4,6.5599995
GRASS,6.0,20.4,6.6399994
STONE,6.0,20.4,6.72
GRASS,6.0,20.32,6.72
GRASS,6.0,20.4,6.7999997
GRASS,6.0,20.4,6.8799996
GRASS,6.0,20.4,6.9599996
GRASS,6.0,20.4,7.0399995
GRASS,6.0,20.4,7.1199994
GRASS,6.0,20.4,7.2
GRASS,6.0,20.4,7.2799997
STONE,6.0,20.4,7.3599997
GRASS,6.0,20.32,7.3599997
GRASS,6.0,20.4,7.4399996
GRASS,6.0,20.4,7.5199995
STONE,6.0,20.4,7.5999994
GRASS,6.0,20.32,7.5999994
GRASS,6.08,20.4,6.3999996
GRASS,6.08,20.4,6.4799995
GRASS,6.08,20.4,6.5599995
STONE,6.08,20.4,6.6399994
GRASS,6.08,20.32,6.6399994
STONE,6.08,20.4,6.72
GRASS,6.08,20.32,6.72
STONE,6.08,20.4,6.7999997
GRASS,6.08,20.32,6.7999997
STONE,6.08,20.4,6.8799996
GRASS,6.08,20.32,6.8799996
GRASS,6.08,20.4,6.9599996
GRASS,6.08,20.4,7.0399995
GRASS,6.08,20.4,7.1199994
GRASS,6.08,20.4,7.2
GRASS,6.08,20.4,7.2799997
GRASS,6.08,20.4,7.3599997
GRASS,6.08,20.4,7.4399996
GRASS,6.08,20.4,7.5199995
GRASS,6.08,20.4,7.5999994
GRASS,6.16,20.4,6.3999996
GRASS,6.16,20.4,6.4799995
STONE,6.16,20.32,6.5599995
STONE,6.16,20.4,6.5599995
GRASS,6.16,20.24,6.5599995
GRASS,6.16,20.4,6.6399994
STONE,6.16,20.4,6.72
GRASS,6.16,20.32,6.72
GRASS,6.16,20.4,6.7999997
GRASS,6.16,20.4,6.8799996
GRASS,6.16,20.4,6.9599996
STONE,6.16,20.4,7.0399995
GRASS,6.16,20.32,7.0399995
GRASS,6.16,20.4,7.1199994
GRASS,6.16,20.4,7.2
GRASS,6.16,20.4,7.2799997
GRASS,6.16,20.4,7.3599997
GRASS,6.16,20.4,7.4399996
GRASS,6.16,20.4,7.5199995
GRASS,6.16,20.4,7.5999994
GRASS,6.24,20.4,6.3999996
STONE,6.24,20.32,6.4799995
STONE,6.24,20.4,6.4799995
GRASS,6.24,20.24,6.4799995
STONE,6.24,20.32,6.5599995
STONE,6.24,20.4,6.5599995
GRASS,6.24,20.24,6.5599995
STONE,6.24,20.32,6.6399994
STONE,6.24,20.4,6.6399994
GRASS,6.24,20.24,6.6399994
GRASS,6.24,20.4,6.72
GRASS,6.24,20.4,6.7999997
STONE,6.24,20.4,6.8799996
GRASS,6.24,20.32,6.8799996
STONE,6.24,20.4,6.9599996
GRASS,6.24,20.32,6.9599996
STONE,6.24,20.4,7.0399995
GRASS,6.24,20.32,7.0399995
STONE,6.24,20.4,7.1199994
GRASS,6.24,20.32,7.1199994
GRASS,6.24,20.4,7.2
GRASS,6.24,20.4,7.2799997
GRASS,6.24,20.4,7.3599997
GRASS,6.24,20.4,7.4399996
GRASS,6.24,20.4,7.5199995
GRASS,6.24,20.4,7.5999994
GRASS,6.3199997,20.4,6.3999996
GRASS,6.3199997,20.4,6.4799995
STONE,6.3199997,20.32,6.5599995
STONE,6.3199997,20.4,6.5599995
GRASS,6.3199997,20.24,6.5599995
GRASS,6.3199997,20.4,6.6399994
GRASS,6.3199997,20.4,6.72
GRASS,6.3199997,20.4,6.7999997
STONE,6.3199997,20.4,6.8799996
GRASS,6.3199997,20.32,6.8799996
STONE,6.3199997,20.4,6.9599996
GRASS,6.3199997,20.32,6.9599996
STONE,6.3199997,20.4,7.0399995
GRASS,6.3199997,20.32,7.0399995
STONE,6.3199997,20.4,7.1199994
GRASS,6.3199997,20.32,7.1199994
STONE,6.3199997,20.4,7.2
GRASS,6.3199997,20.32,7.2
GRASS,6.3199997,20.4,7.2799997
GRASS,6.3199997,20.4,7.3599997
GRASS,6.3199997,20.4,7.4399996
GRASS,6.3199997,20.4,7.5199995
GRASS,6.3199997,20.4,7.5999994
LEAF,5.7599998,20.0,7.6
