GRASS,6.3999996,20.4,6.3999996
GRASS,6.3999996,20.4,6.4799995
GRASS,6.3999996,20.4,6.5599995
GRASS,6.3999996,20.4,6.6399994
GRASS,6.3999996,20.4,6.72
GRASS,6.3999996,20.4,6.7999997
GRASS,6.3999996,20.4,6.8799996
GRASS,6.3999996,20.4,6.9599996
GRASS,6.3999996,20.4,7.0399995
GRASS,6.3999996,20.4,7.1199994
GRASS,6.3999996,20.4,7.2
GRASS,6.3999996,20.4,7.2799997
GRASS,6.3999996,20.4,7.3599997
STONE,6.3999996,20.4,7.4399996
GRASS,6.3999996,20.32,7.4399996
GRASS,6.3999996,20.4,7.5199995
GRASS,6.3999996,20.4,7.5999994
LEAF,6.4799995,20.0,6.4799995
GRASS,6.4799995,20.4,6.3999996
GRASS,6.4799995,20.4,6.4799995
GRASS,6.4799995,20.4,6.5599995
GRASS,6.4799995,20.4,6.6399994
GRASS,6.4799995,20.4,6.72
GRASS,6.4799995,20.4,6.7999997
GRASS,6.4799995,20.4,6.8799996
GRASS,6.4799995,20.4,6.9599996
GRASS,6.4799995,20.4,7.0399995
STONE,6.4799995,20.32,7.1199994
STONE,6.4799995,20.4,7.1199994
GRASS,6.4799995,20.24,7.1199994
GRASS,6.4799995,20.4,7.2
GRASS,6.4799995,20.4,7.2799997
GRASS,6.4799995,20.4,7.3599997
GRASS,6.4799995,20.4,7.4399996
GRASS,6.4799995,20.4,7.5199995
GRASS,6.4799995,20.4,7.5999994
GRASS,6.5599995,20.4,6.3999996
GRASS,6.5599995,20.4,6.4799995
GRASS,6.5599995,20.4,6.5599995
GRASS,6.5599995,20.4,6.6399994
GRASS,6.5599995,20.4,6.72
STONE,6.5599995,20.32,6.7999997
STONE,6.5599995,20.4,6.7999997
GRASS,6.5599995,20.24,6.7999997
STONE,6.5599995,20.32,6.8799996
STONE,6.5599995,20.4,6.8799996
GRASS,6.5599995,20.24,6.8799996
STONE,6.5599995,20.32,6.9599996
STONE,6.5599995,20.4,6.9599996
GRASS,6.5599995,20.24,6.9599996
STONE,6.5599995,20.32,7.0399995
STONE,6.5599995,20.4,7.0399995
GRASS,6.5599995,20.24,7.0399995
STONE,6.5599995,20.32,7.1199994
STONE,6.5599995,20.4,7.1199994
GRASS,6.5599995,20.24,7.1199994
STONE,6.5599995,20.32,7.2
STONE,6.5599995,20.4,7.2
GRASS,6.5599995,20.24,7.2
STONE,6.5599995,20.32,7.2799997
STONE,6.5599995,20.4,7.2799997
GRASS,6.5599995,20.24,7.2799997
STONE,6.5599995,20.32,7.3599997
STONE,6.5599995,20.4,7.3599997
GRASS,6.5599995,20.24,7.3599997
STONE,6.5599995,20.32,7.4399996
STONE,6.5599995,20.4,7.4399996
GRASS,6.5599995,20.24,7.4399996
GRASS,6.5599995,20.4,7.5199995
GRASS,6.5599995,20.4,7.5999994
GRASS,6.6399994,20.4,6.3999996
GRASS,6.6399994,20.4,6.4799995
GRASS,6.6399994,20.4,6.5599995
GRASS,6.6399994,20.4,6.6399994
STONE,6.6399994,20.32,6.72
STONE,6.6399994,20.4,6.72
GRASS,6.6399994,20.24,6.72
STONE,6.6399994,20.32,6.7999997
STONE,6.6399994,20.4,6.7999997
GRASS,6.6399994,20.24,6.7999997
STONE,6.6399994,20.32,6.8799996
STONE,6.6399994,20.4,6.8799996
GRASS,6.6399994,20.24,6.8799996
STONE,6.6399994,20.32,6.9599996
STONE,6.6399994,20.4,6.9599996
GRASS,6.6399994,20.24,6.9599996
STONE,6.6399994,20.32,7.0399995
STONE,6.6399994,20.4,7.0399995
GRASS,6.6399994,20.24,7.0399995
STONE,6.6399994,20.32,7.1199994
STONE,6.6399994,20.4,7.1199994
GRASS,6.6399994,20.24,7.1199994
STONE,6.6399994,20.32,7.2
STONE,6.6399994,20.4,7.2
GRASS,6.6399994,20.24,7.2
STONE,6.6399994,20.32,7.2799997
STONE,6.6399994,20.4,7.2799997
GRASS,6.6399994,20.24,7.2799997
STONE,6.6399994,20.32,7.3599997
STONE,6.6399994,20.4,7.3599997
GRASS,6.6399994,20.24,7.3599997
STONE,6.6399994,20.32,7.4399996
STONE,6.6399994,20.4,7.4399996
GRASS,6.6399994,20.24,7.4399996
STONE,6.6399994,20.32,7.5199995
STONE,6.6399994,20.4,7.5199995
GRASS,6.6399994,20.24,7.5199995
GRASS,6.6399994,20.4,7.5999994
GRASS,6.72,20.4,6.3999996
GRASS,6.72,20.4,6.4799995
STONE,6.72,20.32,6.5599995
STONE,6.72,20.4,6.5599995
GRASS,6.72,20.24,6.5599995
STONE,6.72,20.32,6.6399994
STONE,6.72,20.4,6.6399994
GRASS,6.72,20.24,6.6399994
STONE,6.72,20.32,6.72
STONE,6.72,20.4,6.72
GRASS,6.72,20.24,6.72
STONE,6.72,20.32,6.7999997
STONE,6.72,20.4,6.7999997
GRASS,6.72,20.24,6.7999997
STONE,6.72,20.24,6.8799996
STONE,6.72,20.32,6.8799996
STONE,6.72,20.4,6.8799996
GRASS,6.72,20.16,6.8799996
STONE,6.72,20.24,6.9599996
STONE,6.72,20.32,6.9599996
STONE,6.72,20.4,6.9599996
GRASS,6.72,20.16,6.9599996
STONE,6.72,20.24,7.0399995
STONE,6.72,20.32,7.0399995
STONE,6.72,20.4,7.0399995
GRASS,6.72,20.16,7.0399995
STONE,6.72,20.24,7.1199994
STONE,6.72,20.32,7.1199994
STONE,6.72,20.4,7.1199994
GRASS,6.72,20.16,7.1199994
STONE,6.72,20.24,7.2
STONE,6.72,20.32,7.2
STONE,6.72,20.4,7.2
GRASS,6.72,20.16,7.2
STONE,6.72,20.24,7.2799997
STONE,6.72,20.32,7.2799997
STONE,6.72,20.4,7.2799997
GRASS,6.72,20.16,7.2799997
STONE,6.72,20.24,7.3599997
STONE,6.72,20.32,7.3599997
STONE,6.72,20.4,7.3599997
GRASS,6.72,20.16,7.3599997
STONE,6.72,20.32,7.4399996
STONE,6.72,20.4,7.4399996
GRASS,6.72,20.24,7.4399996
STONE,6.72,20.32,7.5199995
STONE,6.72,20.4,7.5199995
GRASS,6.72,20.24,7.5199995
STONE,6.72,20.32,7.5999994
STONE,6.72,20.4,7.5999994
GRASS,6.72,20.24,7.5999994
GRASS,6.7999997,20.4,6.3999996
GRASS,6.7999997,20.4,6.4799995
STONE,6.7999997,20.32,6.5599995
STONE,6.7999997,20.4,6.5599995
GRASS,6.7999997,20.24,6.5599995
STONE,6.7999997,20.32,6.6399994
STONE,6.7999997,20.4,6.6399994
GRASS,6.7999997,20.24,6.6399994
STONE,6.7999997,20.32,6.72
STONE,6.7999997,20.4,6.72
GRASS,6.7999997,20.24,6.72
STONE,6.7999997,20.24,6.7999997
STONE,6.7999997,20.32,6.7999997
STONE,6.7999997,20.4,6.7999997
GRASS,6.7999997,20.16,6.7999997
STONE,6.7999997,20.24,6.8799996
STONE,6.7999997,20.32,6.8799996
STONE,6.7999997,20.4,6.8799996
GRASS,6.7999997,20.16,6.8799996
STONE,6.7999997,20.08,6.9599996
STONE,6.7999997,20.16,6.9599996
STONE,6.7999997,20.24,6.9599996
STONE,6.7999997,20.32,6.9599996
STONE,6.7999997,20.4,6.9599996
GRASS,6.7999997,20.0,6.9599996
STONE,6.7999997,20.08,7.0399995
STONE,6.7999997,20.16,7.0399995
STONE,6.7999997,20.24,7.0399995
STONE,6.7999997,20.32,7.0399995
STONE,6.7999997,20.4,7.0399995
GRASS,6.7999997,20.0,7.0399995
STONE,6.7999997,20.08,7.1199994
STONE,6.7999997,20.16,7.1199994
STONE,6.7999997,20.24,7.1199994
STONE,6.7999997,20.32,7.1199994
STONE,6.7999997,20.4,7.1199994
GRASS,6.7999997,20.0,7.1199994
STONE,6.7999997,20.08,7.2
STONE,6.7999997,20.16,7.2
STONE,6.7999997,20.24,7.2
STONE,6.7999997,20.32,7.2
STONE,6.7999997,20.4,7.2
GRASS,6.7999997,20.0,7.2
STONE,6.7999997,20.08,7.2799997
STONE,6.7999997,20.16,7.2799997
STONE,6.7999997,20.24,7.2799997
STONE,6.7999997,20.32,7.2799997
STONE,6.7999997,20.4,7.2799997
GRASS,6.7999997,20.0,7.2799997
STONE,6.7999997,20.24,7.3599997
STONE,6.7999997,20.32,7.3599997
STONE,6.7999997,20.4,7.3599997
GRASS,6.7999997,20.16,7.3599997
STONE,6.7999997,20.24,7.4399996
STONE,6.7999997,20.32,7.4399996
STONE,6.7999997,20.4,7.4399996
GRASS,6.7999997,20.16,7.4399996
STONE,6.7999997,20.32,7.5199995
STONE,6.7999997,20.4,7.5199995
GRASS,6.7999997,20.24,7.5199995
STONE,6.7999997,20.32,7.5999994
STONE,6.7999997,20.4,7.5999994
GRASS,6.7999997,20.24,7.5999994
GRASS,6.8799996,20.4,6.3999996
STONE,6.8799996,20.32,6.4799995
STONE,6.8799996,20.4,6.4799995
GRASS,6.8799996,20.24,6.4799995
STONE,6.8799996,20.32,6.5599995
STONE,6.8799996,20.4,6.5599995
GRASS,6.8799996,20.24,6.5599995
STONE,6.8799996,20.32,6.6399994
STONE,6.8799996,20.4,6.6399994
GRASS,6.8799996,20.24,6.6399994
STONE,6.8799996,20.24,6.72
STONE,6.8799996,20.32,6.72
STONE,6.8799996,20.4,6.72
GRASS,6.8799996,20.16,6.72
STONE,6.8799996,20.08,6.7999997
STONE,6.8799996,20.16,6.7999997
STONE,6.8799996,20.24,6.7999997
STONE,6.8799996,20.32,6.7999997
STONE,6.8799996,20.4,6.7999997
GRASS,6.8799996,20.0,6.7999997
STONE,6.8799996,20.08,6.8799996
STONE,6.8799996,20.16,6.8799996
STONE,6.8799996,20.24,6.8799996
STONE,6.8799996,20.32,6.8799996
STONE,6.8799996,20.4,6.8799996
GRASS,6.8799996,20.0,6.8799996
STONE,6.8799996,20.08,6.9599996
STONE,6.8799996,20.16,6.9599996
STONE,6.8799996,20.24,6.9599996
STONE,6.8799996,20.32,6.9599996
STONE,6.8799996,20.4,6.9599996
GRASS,6.8799996,20.0,6.9599996
STONE,6.8799996,20.08,7.0399995
STONE,6.8799996,20.16,7.0399995
STONE,6.8799996,20.24,7.0399995
STONE,6.8799996,20.32,7.0399995
STONE,6.8799996,20.4,7.0399995
GRASS,6.8799996,20.0,7.0399995
STONE,6.8799996,20.08,7.1199994
STONE,6.8799996,20.16,7.1199994
STONE,6.8799996,20.24,7.1199994
STONE,6.8799996,20.32,7.1199994
STONE,6.8799996,20.4,7.1199994
GRASS,6.8799996,20.0,7.1199994
STONE,6.8799996,20.08,7.2
STONE,6.8799996,20.16,7.2
STONE,6.8799996,20.24,7.2
STONE,6.8799996,20.32,7.2
STONE,6.8799996,20.4,7.2
GRASS,6.8799996,20.0,7.2
STONE,6.8799996,20.08,7.2799997
STONE,6.8799996,20.16,7.2799997
STONE,6.8799996,20.24,7.2799997
STONE,6.8799996,20.32,7.2799997
STONE,6.8799996,20.4,7.2799997
GRASS,6.8799996,20.0,7.2799997
STONE,6.8799996,20.08,7.3599997
STONE,6.8799996,20.16,7.3599997
STONE,6.8799996,20.24,7.3599997
STONE,6.8799996,20.32,7.3599997
STONE,6.8799996,20.4,7.3599997
GRASS,6.8799996,20.0,7.3599997
STONE,6.8799996,20.08,7.4399996
STONE,6.8799996,20.16,7.4399996
STONE,6.8799996,20.24,7.4399996
STONE,6.8799996,20.32,7.4399996
STONE,6.8799996,20.4,7.4399996
GRASS,6.8799996,20.0,7.4399996
STONE,6.8799996,20.24,7.5199995
STONE,6.8799996,20.32,7.5199995
STONE,6.8799996,20.4,7.5199995
GRASS,6.8799996,20.16,7.5199995
STONE,6.8799996,20.32,7.5999994
STONE,6.8799996,20.4,7.5999994
GRASS,6.8799996,20.24,7.5999994
STONE,6.9599996,20.32,6.3999996
STONE,6.9599996,20.4,6.3999996
GRASS,6.9599996,20.24,6.3999996
STONE,6.9599996,20.32,6.4799995
STONE,6.9599996,20.4,6.4799995
GRASS,6.9599996,20.24,6.4799995
STONE,6.9599996,20.32,6.5599995
STONE,6.9599996,20.4,6.5599995
GRASS,6.9599996,20.24,6.5599995
STONE,6.9599996,20.24,6.6399994
STONE,6.9599996,20.32,6.6399994
STONE,6.9599996,20.4,6.6399994
GRASS,6.9599996,20.16,6.6399994
STONE,6.9599996,20.08,6.72
STONE,6.9599996,20.16,6.72
STONE,6.9599996,20.24,6.72
STONE,6.9599996,20.32,6.72
STONE,6.9599996,20.4,6.72
GRASS,6.9599996,20.0,6.72
STONE,6.9599996,20.08,6.7999997
STONE,6.9599996,20.16,6.7999997
STONE,6.9599996,20.24,6.7999997
STONE,6.9599996,20.32,6.7999997
STONE,6.9599996,20.4,6.7999997
GRASS,6.9599996,20.0,6.7999997
STONE,6.9599996,20.08,6.8799996
STONE,6.9599996,20.16,6.8799996
STONE,6.9599996,20.24,6.8799996
STONE,6.9599996,20.32,6.8799996
STONE,6.9599996,20.4,6.8799996
GRASS,6.9599996,20.0,6.8799996
STONE,6.9599996,19.68,6.9599996
STONE,6.9599996,19.76,6.9599996
STONE,6.9599996,19.84,6.9599996
STONE,6.9599996,19.92,6.9599996
STONE,6.9599996,20.0,6.9599996
STONE,6.9599996,20.08,6.9599996
STONE,6.9599996,20.16,6.9599996
STONE,6.9599996,20.24,6.9599996
STONE,6.9599996,20.32,6.9599996
STONE,6.9599996,20.4,6.9599996
GRASS,6.9599996,19.6,6.9599996
STONE,6.9599996,19.68,7.0399995
STONE,6.9599996,19.76,7.0399995
STONE,6.9599996,19.84,7.0399995
STONE,6.9599996,19.92,7.0399995
STONE,6.9599996,20.0,7.0399995
STONE,6.9599996,20.08,7.0399995
STONE,6.9599996,20.16,7.0399995
STONE,6.9599996,20.24,7.0399995
STONE,6.9599996,20.32,7.0399995
STONE,6.9599996,20.4,7.0399995
GRASS,6.9599996,19.6,7.0399995
STONE,6.9599996,19.68,7.1199994
STONE,6.9599996,19.76,7.1199994
STONE,6.9599996,19.84,7.1199994
STONE,6.9599996,19.92,7.1199994
STONE,6.9599996,20.0,7.1199994
STONE,6.9599996,20.08,7.1199994
STONE,6.9599996,20.16,7.1199994
STONE,6.9599996,20.24,7.1199994
STONE,6.9599996,20.32,7.1199994
STONE,6.9599996,20.4,7.1199994
GRASS,6.9599996,19.6,7.1199994
STONE,6.9599996,19.68,7.2
STONE,6.9599996,19.76,7.2
STONE,6.9599996,19.84,7.2
STONE,6.9599996,19.92,7.2
STONE,6.9599996,20.0,7.2
STONE,6.9599996,20.08,7.2
STONE,6.9599996,20.16,7.2
STONE,6.9599996,20.24,7.2
STONE,6.9599996,20.32,7.2
STONE,6.9599996,20.4,7.2
GRASS,6.9599996,19.6,7.2
STONE,6.9599996,19.68,7.2799997
STONE,6.9599996,19.76,7.2799997
STONE,6.9599996,19.84,7.2799997
STONE,6.9599996,19.92,7.2799997
STONE,6.9599996,20.0,7.2799997
STONE,6.9599996,20.08,7.2799997
STONE,6.9599996,20.16,7.2799997
STONE,6.9599996,20.24,7.2799997
STONE,6.9599996,20.32,7.2799997
STONE,6.9599996,20.4,7.2799997
GRASS,6.9599996,19.6,7.2799997
STONE,6.9599996,20.08,7.3599997
STONE,6.9599996,20.16,7.3599997
STONE,6.9599996,20.24,7.3599997
STONE,6.9599996,20.32,7.3599997
STONE,6.9599996,20.4,7.3599997
GRASS,6.9599996,20.0,7.3599997
STONE,6.9599996,20.08,7.4399996
STONE,6.9599996,20.16,7.4399996
STONE,6.9599996,20.24,7.4399996
STONE,6.9599996,20.32,7.4399996
STONE,6.9599996,20.4,7.4399996
LOG,6.9599996,19.92,7.4399996
LOG,6.9599996,19.84,7.4399996
LOG,6.9599996,19.76,7.4399996
LOG,6.9599996,19.68,7.4399996
LEAF,6.9599996,19.6,7.4399996
LEAF,6.8799996,19.68,7.4399996
LEAF,7.0399995,19.68,7.4399996
LEAF,6.9599996,19.68,7.3599997
LEAF,6.9599996,19.68,7.5199995
GRASS,6.9599996,20.0,7.4399996
STONE,6.9599996,20.08,7.5199995
STONE,6.9599996,20.16,7.5199995
STONE,6.9599996,20.24,7.5199995
STONE,6.9599996,20.32,7.5199995
STONE,6.9599996,20.4,7.5199995
GRASS,6.9599996,20.0,7.5199995
STONE,6.9599996,20.24,7.5999994
STONE,6.9599996,20.32,7.5999994
STONE,6.9599996,20.4,7.5999994
GRASS,6.9599996,20.16,7.5999994
STONE,7.0399995,20.32,6.3999996
STONE,7.0399995,20.4,6.3999996
GRASS,7.0399995,20.24,6.3999996
STONE,7.0399995,20.32,6.4799995
STONE,7.0399995,20.4,6.4799995
GRASS,7.0399995,20.24,6.4799995
STONE,7.0399995,20.24,6.5599995
STONE,7.0399995,20.32,6.5599995
STONE,7.0399995,20.4,6.5599995
GRASS,7.0399995,20.16,6.5599995
STONE,7.0399995,20.24,6.6399994
STONE,7.0399995,20.32,6.6399994
STONE,7.0399995,20.4,6.6399994
GRASS,7.0399995,20.16,6.6399994
STONE,7.0399995,20.08,6.72
STONE,7.0399995,20.16,6.72
STONE,7.0399995,20.24,6.72
STONE,7.0399995,20.32,6.72
STONE,7.0399995,20.4,6.72
GRASS,7.0399995,20.0,6.72
STONE,7.0399995,20.08,6.7999997
STONE,7.0399995,20.16,6.7999997
STONE,7.0399995,20.24,6.7999997
STONE,7.0399995,20.32,6.7999997
STONE,7.0399995,20.4,6.7999997
GRASS,7.0399995,20.0,6.7999997
STONE,7.0399995,19.68,6.8799996
STONE,7.0399995,19.76,6.8799996
STONE,7.0399995,19.84,6.8799996
STONE,7.0399995,19.92,6.8799996
STONE,7.0399995,20.0,6.8799996
STONE,7.0399995,20.08,6.8799996
STONE,7.0399995,20.16,6.8799996
STONE,7.0399995,20.24,6.8799996
STONE,7.0399995,20.32,6.8799996
STONE,7.0399995,20.4,6.8799996
GRASS,7.0399995,19.6,6.8799996
STONE,7.0399995,19.68,6.9599996
STONE,7.0399995,19.76,6.9599996
STONE,7.0399995,19.84,6.9599996
STONE,7.0399995,19.92,6.9599996
STONE,7.0399995,20.0,6.9599996
STONE,7.0399995,20.08,6.9599996
STONE,7.0399995,20.16,6.9599996
STONE,7.0399995,20.24,6.9599996
STONE,7.0399995,20.32,6.9599996
STONE,7.0399995,20.4,6.9599996
GRASS,7.0399995,19.6,6.9599996
STONE,7.0399995,19.68,7.0399995
STONE,7.0399995,19.76,7.0399995
STONE,7.0399995,19.84,7.0399995
STONE,7.0399995,19.92,7.0399995
STONE,7.0399995,20.0,7.0399995
STONE,7.0399995,20.08,7.0399995
STONE,7.0399995,20.16,7.0399995
STONE,7.0399995,20.24,7.0399995
STONE,7.0399995,20.32,7.0399995
STONE,7.0399995,20.4,7.0399995
GRASS,7.0399995,19.6,7.0399995
STONE,7.0399995,19.68,7.1199994
STONE,7.0399995,19.76,7.1199994
STONE,7.0399995,19.84,7.1199994
STONE,7.0399995,19.92,7.1199994
STONE,7.0399995,20.0,7.1199994
STONE,7.0399995,20.08,7.1199994
STONE,7.0399995,20.16,7.1199994
STONE,7.0399995,20.24,7.1199994
STONE,7.0399995,20.32,7.1199994
STONE,7.0399995,20.4,7.1199994
GRASS,7.0399995,19.6,7.1199994
STONE,7.0399995,19.68,7.2
STONE,7.0399995,19.76,7.2
STONE,7.0399995,19.84,7.2
STONE,7.0399995,19.92,7.2
STONE,7.0399995,20.0,7.2
STONE,7.0399995,20.08,7.2
STONE,7.0399995,20.16,7.2
STONE,7.0399995,20.24,7.2
STONE,7.0399995,20.32,7.2
STONE,7.0399995,20.4,7.2
GRASS,7.0399995,19.6,7.2
STONE,7.0399995,19.68,7.2799997
STONE,7.0399995,19.76,7.2799997
STONE,7.0399995,19.84,7.2799997
STONE,7.0399995,19.92,7.2799997
STONE,7.0399995,20.0,7.2799997
STONE,7.0399995,20.08,7.2799997
STONE,7.0399995,20.16,7.2799997
STONE,7.0399995,20.24,7.2799997
STONE,7.0399995,20.32,7.2799997
STONE,7.0399995,20.4,7.2799997
GRASS,7.0399995,19.6,7.2799997
STONE,7.0399995,19.68,7.3599997
STONE,7.0399995,19.76,7.3599997
STONE,7.0399995,19.84,7.3599997
STONE,7.0399995,19.92,7.3599997
STONE,7.0399995,20.0,7.3599997
STONE,7.0399995,20.08,7.3599997
STONE,7.0399995,20.16,7.3599997
STONE,7.0399995,20.24,7.3599997
STONE,7.0399995,20.32,7.3599997
STONE,7.0399995,20.4,7.3599997
GRASS,7.0399995,19.6,7.3599997
STONE,7.0399995,20.08,7.4399996
STONE,7.0399995,20.16,7.4399996
STONE,7.0399995,20.24,7.4399996
STONE,7.0399995,20.32,7.4399996
STONE,7.0399995,20.4,7.4399996
GRASS,7.0399995,20.0,7.4399996
STONE,7.0399995,20.08,7.5199995
STONE,7.0399995,20.16,7.5199995
STONE,7.0399995,20.24,7.5199995
STONE,7.0399995,20.32,7.5199995
STONE,7.0399995,20.4,7.5199995
GRASS,7.0399995,20.0,7.5199995
STONE,7.0399995,20.24,7.5999994
STONE,7.0399995,20.32,7.5999994
STONE,7.0399995,20.4,7.5999994
GRASS,7.0399995,20.16,7.5999994
STONE,7.1199994,20.32,6.3999996
STONE,7.1199994,20.4,6.3999996
GRASS,7.1199994,20.24,6.3999996
STONE,7.1199994,20.32,6.4799995
STONE,7.1199994,20.4,6.4799995
GRASS,7.1199994,20.24,6.4799995
STONE,7.1199994,20.24,6.5599995
STONE,7.1199994,20.32,6.5599995
STONE,7.1199994,20.4,6.5599995
GRASS,7.1199994,20.16,6.5599995
STONE,7.1199994,20.08,6.6399994
STONE,7.1199994,20.16,6.6399994
STONE,7.1199994,20.24,6.6399994
STONE,7.1199994,20.32,6.6399994
STONE,7.1199994,20.4,6.6399994
GRASS,7.1199994,20.0,6.6399994
STONE,7.1199994,20.08,6.72
STONE,7.1199994,20.16,6.72
STONE,7.1199994,20.24,6.72
STONE,7.1199994,20.32,6.72
STONE,7.1199994,20.4,6.72
GRASS,7.1199994,20.0,6.72
STONE,7.1199994,19.68,6.7999997
STONE,7.1199994,19.76,6.7999997
STONE,7.1199994,19.84,6.7999997
STONE,7.1199994,19.92,6.7999997
STONE,7.1199994,20.0,6.7999997
STONE,7.1199994,20.08,6.7999997
STONE,7.1199994,20.16,6.7999997
STONE,7.1199994,20.24,6.7999997
STONE,7.1199994,20.32,6.7999997
STONE,7.1199994,20.4,6.7999997
GRASS,7.1199994,19.6,6.7999997
STONE,7.1199994,19.68,6.8799996
STONE,7.1199994,19.76,6.8799996
STONE,7.1199994,19.84,6.8799996
STONE,7.1199994,19.92,6.8799996
STONE,7.1199994,20.0,6.8799996
STONE,7.1199994,20.08,6.8799996
STONE,7.1199994,20.16,6.8799996
STONE,7.1199994,20.24,6.8799996
STONE,7.1199994,20.32,6.8799996
STONE,7.1199994,20.4,6.8799996
GRASS,7.1199994,19.6,6.8799996
STONE,7.1199994,19.68,6.9599996
STONE,7.1199994,19.76,6.9599996
STONE,7.1199994,19.84,6.9599996
STONE,7.1199994,19.92,6.9599996
STONE,7.1199994,20.0,6.9599996
STONE,7.1199994,20.08,6.9599996
STONE,7.1199994,20.16,6.9599996
STONE,7.1199994,20.24,6.9599996
STONE,7.1199994,20.32,6.9599996
STONE,7.1199994,20.4,6.9599996
GRASS,7.1199994,19.6,6.9599996
STONE,7.1199994,19.68,7.0399995
STONE,7.1199994,19.76,7.0399995
STONE,7.1199994,19.84,7.0399995
STONE,7.1199994,19.92,7.0399995
STONE,7.1199994,20.0,7.0399995
STONE,7.1199994,20.08,7.0399995
STONE,7.1199994,20.16,7.0399995
STONE,7.1199994,20.24,7.0399995
STONE,7.1199994,20.32,7.0399995
STONE,7.1199994,20.4,7.0399995
GRASS,7.1199994,19.6,7.0399995
STONE,7.1199994,19.68,7.1199994
STONE,7.1199994,19.76,7.1199994
STONE,7.1199994,19.84,7.1199994
STONE,7.1199994,19.92,7.1199994
STONE,7.1199994,20.0,7.1199994
STONE,7.1199994,20.08,7.1199994
STONE,7.1199994,20.16,7.1199994
STONE,7.1199994,20.24,7.1199994
STONE,7.1199994,20.32,7.1199994
STONE,7.1199994,20.4,7.1199994
GRASS,7.1199994,19.6,7.1199994
STONE,7.1199994,19.68,7.2
STONE,7.1199994,19.76,7.2
STONE,7.1199994,19.84,7.2
STONE,7.1199994,19.92,7.2
STONE,7.1199994,20.0,7.2
STONE,7.1199994,20.08,7.2
STONE,7.1199994,20.16,7.2
STONE,7.1199994,20.24,7.2
STONE,7.1199994,20.32,7.2
STONE,7.1199994,20.4,7.2
GRASS,7.1199994,19.6,7.2
STONE,7.1199994,19.68,7.2799997
STONE,7.1199994,19.76,7.2799997
STONE,7.1199994,19.84,7.2799997
STONE,7.1199994,19.92,7.2799997
STONE,7.1199994,20.0,7.2799997
STONE,7.1199994,20.08,7.2799997
STONE,7.1199994,20.16,7.2799997
STONE,7.1199994,20.24,7.2799997
STONE,7.1199994,20.32,7.2799997
STONE,7.1199994,20.4,7.2799997
GRASS,7.1199994,19.6,7.2799997
STONE,7.1199994,19.68,7.3599997
STONE,7.1199994,19.76,7.3599997
STONE,7.1199994,19.84,7.3599997
STONE,7.1199994,19.92,7.3599997
STONE,7.1199994,20.0,7.3599997
STONE,7.1199994,20.08,7.3599997
STONE,7.1199994,20.16,7.3599997
STONE,7.1199994,20.24,7.3599997
STONE,7.1199994,20.32,7.3599997
STONE,7.1199994,20.4,7.3599997
GRASS,7.1199994,19.6,7.3599997
STONE,7.1199994,19.68,7.4399996
STONE,7.1199994,19.76,7.4399996
STONE,7.1199994,19.84,7.4399996
STONE,7.1199994,19.92,7.4399996
STONE,7.1199994,20.0,7.4399996
STONE,7.1199994,20.08,7.4399996
STONE,7.1199994,20.16,7.4399996
STONE,7.1199994,20.24,7.4399996
STONE,7.1199994,20.32,7.4399996
STONE,7.1199994,20.4,7.4399996
GRASS,7.1199994,19.6,7.4399996
STONE,7.1199994,20.08,7.5199995
STONE,7.1199994,20.16,7.5199995
STONE,7.1199994,20.24,7.5199995
STONE,7.1199994,20.32,7.5199995
STONE,7.1199994,20.4,7.5199995
GRASS,7.1199994,20.0,7.5199995
STONE,7.1199994,20.08,7.5999994
STONE,7.1199994,20.16,7.5999994
STONE,7.1199994,20.24,7.5999994
STONE,7.1199994,20.32,7.5999994
STONE,7.1199994,20.4,7.5999994
GRASS,7.1199994,20.0,7.5999994
STONE,7.2,20.32,6.3999996
STONE,7.2,20.4,6.3999996
GRASS,7.2,20.24,6.3999996
STONE,7.2,20.32,6.4799995
STONE,7.2,20.4,6.4799995
GRASS,7.2,20.24,6.4799995
STONE,7.2,20.24,6.5599995
STONE,7.2,20.32,6.5599995
STONE,7.2,20.4,6.5599995
GRASS,7.2,20.16,6.5599995
STONE,7.2,20.08,6.6399994
STONE,7.2,20.16,6.6399994
STONE,7.2,20.24,6.6399994
STONE,7.2,20.32,6.6399994
STONE,7.2,20.4,6.6399994
GRASS,7.2,20.0,6.6399994
STONE,7.2,20.08,6.72
STONE,7.2,20.16,6.72
STONE,7.2,20.24,6.72
STONE,7.2,20.32,6.72
STONE,7.2,20.4,6.72
GRASS,7.2,20.0,6.72
STONE,7.2,19.68,6.7999997
STONE,7.2,19.76,6.7999997
STONE,7.2,19.84,6.7999997
STONE,7.2,19.92,6.7999997
STONE,7.2,20.0,6.7999997
STONE,7.2,20.08,6.7999997
STONE,7.2,20.16,6.7999997
STONE,7.2,20.24,6.7999997
STONE,7.2,20.32,6.7999997
STONE,7.2,20.4,6.7999997
GRASS,7.2,19.6,6.7999997
STONE,7.2,19.68,6.8799996
STONE,7.2,19.76,6.8799996
STONE,7.2,19.84,6.8799996
STONE,7.2,19.92,6.8799996
STONE,7.2,20.0,6.8799996
STONE,7.2,20.08,6.8799996
STONE,7.2,20.16,6.8799996
STONE,7.2,20.24,6.8799996
STONE,7.2,20.32,6.8799996
STONE,7.2,20.4,6.8799996
GRASS,7.2,19.6,6.8799996
STONE,7.2,19.68,6.9599996
STONE,7.2,19.76,6.9599996
STONE,7.2,19.84,6.9599996
STONE,7.2,19.92,6.9599996
STONE,7.2,20.0,6.9599996
STONE,7.2,20.08,6.9599996
STONE,7.2,20.16,6.9599996
STONE,7.2,20.24,6.9599996
STONE,7.2,20.32,6.9599996
STONE,7.2,20.4,6.9599996
GRASS,7.2,19.6,6.9599996
STONE,7.2,19.68,7.0399995
STONE,7.2,19.76,7.0399995
STONE,7.2,19.84,7.0399995
STONE,7.2,19.92,7.0399995
STONE,7.2,20.0,7.0399995
STONE,7.2,20.08,7.0399995
STONE,7.2,20.16,7.0399995
STONE,7.2,20.24,7.0399995
STONE,7.2,20.32,7.0399995
STONE,7.2,20.4,7.0399995
GRASS,7.2,19.6,7.0399995
STONE,7.2,19.68,7.1199994
STONE,7.2,19.76,7.1199994
STONE,7.2,19.84,7.1199994
STONE,7.2,19.92,7.1199994
STONE,7.2,20.0,7.1199994
STONE,7.2,20.08,7.1199994
STONE,7.2,20.16,7.1199994
STONE,7.2,20.24,7.1199994
STONE,7.2,20.32,7.1199994
STONE,7.2,20.4,7.1199994
GRASS,7.2,19.6,7.1199994
STONE,7.2,19.68,7.2
STONE,7.2,19.76,7.2
STONE,7.2,19.84,7.2
STONE,7.2,19.92,7.2
STONE,7.2,20.0,7.2
STONE,7.2,20.08,7.2
STONE,7.2,20.16,7.2
STONE,7.2,20.24,7.2
STONE,7.2,20.32,7.2
STONE,7.2,20.4,7.2
GRASS,7.2,19.6,7.2
STONE,7.2,19.68,7.2799997
STONE,7.2,19.76,7.2799997
STONE,7.2,19.84,7.2799997
STONE,7.2,19.92,7.2799997
STONE,7.2,20.0,7.2799997
STONE,7.2,20.08,7.2799997
STONE,7.2,20.16,7.2799997
STONE,7.2,20.24,7.2799997
STONE,7.2,20.32,7.2799997
STONE,7.2,20.4,7.2799997
GRASS,7.2,19.6,7.2799997
STONE,7.2,19.68,7.3599997
STONE,7.2,19.76,7.3599997
STONE,7.2,19.84,7.3599997
STONE,7.2,19.92,7.3599997
STONE,7.2,20.0,7.3599997
STONE,7.2,20.08,7.3599997
STONE,7.2,20.16,7.3599997
STONE,7.2,20.24,7.3599997
STONE,7.2,20.32,7.3599997
STONE,7.2,20.4,7.3599997
GRASS,7.2,19.6,7.3599997
STONE,7.2,19.68,7.4399996
STONE,7.2,19.76,7.4399996
STONE,7.2,19.84,7.4399996
STONE,7.2,19.92,7.4399996
STONE,7.2,20.0,7.4399996
STONE,7.2,20.08,7.4399996
STONE,7.2,20.16,7.4399996
STONE,7.2,20.24,7.4399996
STONE,7.2,20.32,7.4399996
STONE,7.2,20.4,7.4399996
GRASS,7.2,19.6,7.4399996
STONE,7.2,20.08,7.5199995
STONE,7.2,20.16,7.5199995
STONE,7.2,20.24,7.5199995
STONE,7.2,20.32,7.5199995
STONE,7.2,20.4,7.5199995
GRASS,7.2,20.0,7.5199995
STONE,7.2,20.08,7.5999994
STONE,7.2,20.16,7.5999994
STONE,7.2,20.24,7.5999994
STONE,7.2,20.32,7.5999994
STONE,7.2,20.4,7.5999994
GRASS,7.2,20.0,7.5999994
STONE,7.2799997,20.32,6.3999996
STONE,7.2799997,20.4,6.3999996
GRASS,7.2799997,20.24,6.3999996
STONE,7.2799997,20.32,6.4799995
STONE,7.2799997,20.4,6.4799995
GRASS,7.2799997,20.24,6.4799995
STONE,7.2799997,20.24,6.5599995
STONE,7.2799997,20.32,6.5599995
STONE,7.2799997,20.4,6.5599995
GRASS,7.2799997,20.16,6.5599995
STONE,7.2799997,20.08,6.6399994
STONE,7.2799997,20.16,6.6399994
STONE,7.2799997,20.24,6.6399994
STONE,7.2799997,20.32,6.6399994
STONE,7.2799997,20.4,6.6399994
GRASS,7.2799997,20.0,6.6399994
STONE,7.2799997,20.08,6.72
STONE,7.2799997,20.16,6.72
STONE,7.2799997,20.24,6.72
STONE,7.2799997,20.32,6.72
STONE,7.2799997,20.4,6.72
GRASS,7.2799997,20.0,6.72
STONE,7.2799997,19.68,6.7999997
STONE,7.2799997,19.76,6.7999997
STONE,7.2799997,19.84,6.7999997
STONE,7.2799997,19.92,6.7999997
STONE,7.2799997,20.0,6.7999997
STONE,7.2799997,20.08,6.7999997
STONE,7.2799997,20.16,6.7999997
STONE,7.2799997,20.24,6.7999997
STONE,7.2799997,20.32,6.7999997
STONE,7.2799997,20.4,6.7999997
GRASS,7.2799997,19.6,6.7999997
STONE,7.2799997,19.68,6.8799996
STONE,7.2799997,19.76,6.8799996
STONE,7.2799997,19.84,6.8799996
STONE,7.2799997,19.92,6.8799996
STONE,7.2799997,20.0,6.8799996
STONE,7.2799997,20.08,6.8799996
STONE,7.2799997,20.16,6.8799996
STONE,7.2799997,20.24,6.8799996
STONE,7.2799997,20.32,6.8799996
STONE,7.2799997,20.4,6.8799996
GRASS,7.2799997,19.6,6.8799996
STONE,7.2799997,19.68,6.9599996
STONE,7.2799997,19.76,6.9599996
STONE,7.2799997,19.84,6.9599996
STONE,7.2799997,19.92,6.9599996
STONE,7.2799997,20.0,6.9599996
STONE,7.2799997,20.08,6.9599996
STONE,7.2799997,20.16,6.9599996
STONE,7.2799997,20.24,6.9599996
STONE,7.2799997,20.32,6.9599996
STONE,7.2799997,20.4,6.9599996
GRASS,7.2799997,19.6,6.9599996
STONE,7.2799997,19.68,7.0399995
STONE,7.2799997,19.76,7.0399995
STONE,7.2799997,19.84,7.0399995
STONE,7.2799997,19.92,7.0399995
STONE,7.2799997,20.0,7.0399995
STONE,7.2799997,20.08,7.0399995
STONE,7.2799997,20.16,7.0399995
STONE,7.2799997,20.24,7.0399995
STONE,7.2799997,20.32,7.0399995
STONE,7.2799997,20.4,7.0399995
GRASS,7.2799997,19.6,7.0399995
STONE,7.2799997,19.68,7.1199994
STONE,7.2799997,19.76,7.1199994
STONE,7.2799997,19.84,7.1199994
STONE,7.2799997,19.92,7.1199994
STONE,7.2799997,20.0,7.1199994
STONE,7.2799997,20.08,7.1199994
STONE,7.2799997,20.16,7.1199994
STONE,7.2799997,20.24,7.1199994
STONE,7.2799997,20.32,7.1199994
STONE,7.2799997,20.4,7.1199994
GRASS,7.2799997,19.6,7.1199994
STONE,7.2799997,19.68,7.2
STONE,7.2799997,19.76,7.2
STONE,7.2799997,19.84,7.2
STONE,7.2799997,19.92,7.2
STONE,7.2799997,20.0,7.2
STONE,7.2799997,20.08,7.2
STONE,7.2799997,20.16,7.2
STONE,7.2799997,20.24,7.2
STONE,7.2799997,20.32,7.2
STONE,7.2799997,20.4,7.2
GRASS,7.2799997,19.6,7.2
STONE,7.2799997,19.68,7.2799997
STONE,7.2799997,19.76,7.2799997
STONE,7.2799997,19.84,7.2799997
STONE,7.2799997,19.92,7.2799997
STONE,7.2799997,20.0,7.2799997
STONE,7.2799997,20.08,7.2799997
STONE,7.2799997,20.16,7.2799997
STONE,7.2799997,20.24,7.2799997
STONE,7.2799997,20.32,7.2799997
STONE,7.2799997,20.4,7.2799997
GRASS,7.2799997,19.6,7.2799997
STONE,7.2799997,19.68,7.3599997
STONE,7.2799997,19.76,7.3599997
STONE,7.2799997,19.84,7.3599997
STONE,7.2799997,19.92,7.3599997
STONE,7.2799997,20.0,7.3599997
STONE,7.2799997,20.08,7.3599997
STONE,7.2799997,20.16,7.3599997
STONE,7.2799997,20.24,7.3599997
STONE,7.2799997,20.32,7.3599997
STONE,7.2799997,20.4,7.3599997
GRASS,7.2799997,19.6,7.3599997
STONE,7.2799997,19.68,7.4399996
STONE,7.2799997,19.76,7.4399996
STONE,7.2799997,19.84,7.4399996
STONE,7.2799997,19.92,7.4399996
STONE,7.2799997,20.0,7.4399996
STONE,7.2799997,20.08,7.4399996
STONE,7.2799997,20.16,7.4399996
STONE,7.2799997,20.24,7.4399996
STONE,7.2799997,20.32,7.4399996
STONE,7.2799997,20.4,7.4399996
GRASS,7.2799997,19.6,7.4399996
STONE,7.2799997,20.08,7.5199995
STONE,7.2799997,20.16,7.5199995
STONE,7.2799997,20.24,7.5199995
STONE,7.2799997,20.32,7.5199995
STONE,7.2799997,20.4,7.5199995
GRASS,7.2799997,20.0,7.5199995
STONE,7.2799997,20.08,7.5999994
STONE,7.2799997,20.16,7.5999994
STONE,7.2799997,20.24,7.5999994
STONE,7.2799997,20.32,7.5999994
STONE,7.2799997,20.4,7.5999994
GRASS,7.2799997,20.0,7.5999994
STONE,7.3599997,20.32,6.3999996
STONE,7.3599997,20.4,6.3999996
GRASS,7.3599997,20.24,6.3999996
STONE,7.3599997,20.32,6.4799995
STONE,7.3599997,20.4,6.4799995
GRASS,7.3599997,20.24,6.4799995
STONE,7.3599997,20.24,6.5599995
STONE,7.3599997,20.32,6.5599995
STONE,7.3599997,20.4,6.5599995
GRASS,7.3599997,20.16,6.5599995
STONE,7.3599997,20.08,6.6399994
STONE,7.3599997,20.16,6.6399994
STONE,7.3599997,20.24,6.6399994
STONE,7.3599997,20.32,6.6399994
STONE,7.3599997,20.4,6.6399994
GRASS,7.3599997,20.0,6.6399994
STONE,7.3599997,20.08,6.72
STONE,7.3599997,20.16,6.72
STONE,7.3599997,20.24,6.72
STONE,7.3599997,20.32,6.72
STONE,7.3599997,20.4,6.72
GRASS,7.3599997,20.0,6.72
STONE,7.3599997,19.68,6.7999997
STONE,7.3599997,19.76,6.7999997
STONE,7.3599997,19.84,6.7999997
STONE,7.3599997,19.92,6.7999997
STONE,7.3599997,20.0,6.7999997
STONE,7.3599997,20.08,6.7999997
STONE,7.3599997,20.16,6.7999997
STONE,7.3599997,20.24,6.7999997
STONE,7.3599997,20.32,6.7999997
STONE,7.3599997,20.4,6.7999997
GRASS,7.3599997,19.6,6.7999997
STONE,7.3599997,19.68,6.8799996
STONE,7.3599997,19.76,6.8799996
STONE,7.3599997,19.84,6.8799996
STONE,7.3599997,19.92,6.8799996
STONE,7.3599997,20.0,6.8799996
STONE,7.3599997,20.08,6.8799996
STONE,7.3599997,20.16,6.8799996
STONE,7.3599997,20.24,6.8799996
STONE,7.3599997,20.32,6.8799996
STONE,7.3599997,20.4,6.8799996
GRASS,7.3599997,19.6,6.8799996
STONE,7.3599997,19.68,6.9599996
STONE,7.3599997,19.76,6.9599996
STONE,7.3599997,19.84,6.9599996
STONE,7.3599997,19.92,6.9599996
STONE,7.3599997,20.0,6.9599996
STONE,7.3599997,20.08,6.9599996
STONE,7.3599997,20.16,6.9599996
STONE,7.3599997,20.24,6.9599996
STONE,7.3599997,20.32,6.9599996
STONE,7.3599997,20.4,6.9599996
GRASS,7.3599997,19.6,6.9599996
STONE,7.3599997,19.68,7.0399995
STONE,7.3599997,19.76,7.0399995
STONE,7.3599997,19.84,7.0399995
STONE,7.3599997,19.92,7.0399995
STONE,7.3599997,20.0,7.0399995
STONE,7.3599997,20.08,7.0399995
STONE,7.3599997,20.16,7.0399995
STONE,7.3599997,20.24,7.0399995
STONE,7.3599997,20.32,7.0399995
STONE,7.3599997,20.4,7.0399995
GRASS,7.3599997,19.6,7.0399995
STONE,7.3599997,19.68,7.1199994
STONE,7.3599997,19.76,7.1199994
STONE,7.3599997,19.84,7.1199994
STONE,7.3599997,19.92,7.1199994
STONE,7.3599997,20.0,7.1199994
STONE,7.3599997,20.08,7.1199994
STONE,7.3599997,20.16,7.1199994
STONE,7.3599997,20.24,7.1199994
STONE,7.3599997,20.32,7.1199994
STONE,7.3599997,20.4,7.1199994
GRASS,7.3599997,19.6,7.1199994
STONE,7.3599997,19.68,7.2
STONE,7.3599997,19.76,7.2
STONE,7.3599997,19.84,7.2
STONE,7.3599997,19.92,7.2
STONE,7.3599997,20.0,7.2
STONE,7.3599997,20.08,7.2
STONE,7.3599997,20.16,7.2
STONE,7.3599997,20.24,7.2
STONE,7.3599997,20.32,7.2
STONE,7.3599997,20.4,7.2
GRASS,7.3599997,19.6,7.2
STONE,7.3599997,19.68,7.2799997
STONE,7.3599997,19.76,7.2799997
STONE,7.3599997,19.84,7.2799997
STONE,7.3599997,19.92,7.2799997
STONE,7.3599997,20.0,7.2799997
STONE,7.3599997,20.08,7.2799997
STONE,7.3599997,20.16,7.2799997
STONE,7.3599997,20.24,7.2799997
STONE,7.3599997,20.32,7.2799997
STONE,7.3599997,20.4,7.2799997
GRASS,7.3599997,19.6,7.2799997
STONE,7.3599997,19.68,7.3599997
STONE,7.3599997,19.76,7.3599997
STONE,7.3599997,19.84,7.3599997
STONE,7.3599997,19.92,7.3599997
STONE,7.3599997,20.0,7.3599997
STONE,7.3599997,20.08,7.3599997
STONE,7.3599997,20.16,7.3599997
STONE,7.3599997,20.24,7.3599997
STONE,7.3599997,20.32,7.3599997
STONE,7.3599997,20.4,7.3599997
GRASS,7.3599997,19.6,7.3599997
STONE,7.3599997,19.68,7.4399996
STONE,7.3599997,19.76,7.4399996
STONE,7.3599997,19.84,7.4399996
STONE,7.3599997,19.92,7.4399996
STONE,7.3599997,20.0,7.4399996
STONE,7.3599997,20.08,7.4399996
STONE,7.3599997,20.16,7.4399996
STONE,7.3599997,20.24,7.4399996
STONE,7.3599997,20.32,7.4399996
STONE,7.3599997,20.4,7.4399996
GRASS,7.3599997,19.6,7.4399996
STONE,7.3599997,20.08,7.5199995
STONE,7.3599997,20.16,7.5199995
STONE,7.3599997,20.24,7.5199995
STONE,7.3599997,20.32,7.5199995
STONE,7.3599997,20.4,7.5199995
GRASS,7.3599997,20.0,7.5199995
STONE,7.3599997,20.08,7.5999994
STONE,7.3599997,20.16,7.5999994
STONE,7.3599997,20.24,7.5999994
STONE,7.3599997,20.32,7.5999994
STONE,7.3599997,20.4,7.5999994
GRASS,7.3599997,20.0,7.5999994
STONE,7.4399996,20.32,6.3999996
STONE,7.4399996,20.4,6.3999996
GRASS,7.4399996,20.24,6.3999996
STONE,7.4399996,20.32,6.4799995
STONE,7.4399996,20.4,6.4799995
GRASS,7.4399996,20.24,6.4799995
STONE,7.4399996,20.24,6.5599995
STONE,7.4399996,20.32,6.5599995
STONE,7.4399996,20.4,6.5599995
GRASS,7.4399996,20.16,6.5599995
STONE,7.4399996,20.08,6.6399994
STONE,7.4399996,20.16,6.6399994
STONE,7.4399996,20.24,6.6399994
STONE,7.4399996,20.32,6.6399994
STONE,7.4399996,20.4,6.6399994
GRASS,7.4399996,20.0,6.6399994
STONE,7.4399996,20.08,6.72
STONE,7.4399996,20.16,6.72
STONE,7.4399996,20.24,6.72
STONE,7.4399996,20.32,6.72
STONE,7.4399996,20.4,6.72
GRASS,7.4399996,20.0,6.72
STONE,7.4399996,19.68,6.7999997
STONE,7.4399996,19.76,6.7999997
STONE,7.4399996,19.84,6.7999997
STONE,7.4399996,19.92,6.7999997
STONE,7.4399996,20.0,6.7999997
STONE,7.4399996,20.08,6.7999997
STONE,7.4399996,20.16,6.7999997
STONE,7.4399996,20.24,6.7999997
STONE,7.4399996,20.32,6.7999997
STONE,7.4399996,20.4,6.7999997
GRASS,7.4399996,19.6,6.7999997
STONE,7.4399996,19.68,6.8799996
STONE,7.4399996,19.76,6.8799996
STONE,7.4399996,19.84,6.8799996
STONE,7.4399996,19.92,6.8799996
STONE,7.4399996,20.0,6.8799996
STONE,7.4399996,20.08,6.8799996
STONE,7.4399996,20.16,6.8799996
STONE,7.4399996,20.24,6.8799996
STONE,7.4399996,20.32,6.8799996
STONE,7.4399996,20.4,6.8799996
GRASS,7.4399996,19.6,6.8799996
STONE,7.4399996,19.68,6.9599996
STONE,7.4399996,19.76,6.9599996
STONE,7.4399996,19.84,6.9599996
STONE,7.4399996,19.92,6.9599996
STONE,7.4399996,20.0,6.9599996
STONE,7.4399996,20.08,6.9599996
STONE,7.4399996,20.16,6.9599996
STONE,7.4399996,20.24,6.9599996
STONE,7.4399996,20.32,6.9599996
STONE,7.4399996,20.4,6.9599996
GRASS,7.4399996,19.6,6.9599996
STONE,7.4399996,19.68,7.0399995
STONE,7.4399996,19.76,7.0399995
STONE,7.4399996,19.84,7.0399995
STONE,7.4399996,19.92,7.0399995
STONE,7.4399996,20.0,7.0399995
STONE,7.4399996,20.08,7.0399995
STONE,7.4399996,20.16,7.0399995
STONE,7.4399996,20.24,7.0399995
STONE,7.4399996,20.32,7.0399995
STONE,7.4399996,20.4,7.0399995
GRASS,7.4399996,19.6,7.0399995
STONE,7.4399996,19.68,7.1199994
STONE,7.4399996,19.76,7.1199994
STONE,7.4399996,19.84,7.1199994
STONE,7.4399996,19.92,7.1199994
STONE,7.4399996,20.0,7.1199994
STONE,7.4399996,20.08,7.1199994
STONE,7.4399996,20.16,7.1199994
STONE,7.4399996,20.24,7.1199994
STONE,7.4399996,20.32,7.1199994
STONE,7.4399996,20.4,7.1199994
GRASS,7.4399996,19.6,7.1199994
STONE,7.4399996,19.68,7.2
STONE,7.4399996,19.76,7.2
STONE,7.4399996,19.84,7.2
STONE,7.4399996,19.92,7.2
STONE,7.4399996,20.0,7.2
STONE,7.4399996,20.08,7.2
STONE,7.4399996,20.16,7.2
STONE,7.4399996,20.24,7.2
STONE,7.4399996,20.32,7.2
STONE,7.4399996,20.4,7.2
GRASS,7.4399996,19.6,7.2
STONE,7.4399996,19.68,7.2799997
STONE,7.4399996,19.76,7.2799997
STONE,7.4399996,19.84,7.2799997
STONE,7.4399996,19.92,7.2799997
STONE,7.4399996,20.0,7.2799997
STONE,7.4399996,20.08,7.2799997
STONE,7.4399996,20.16,7.2799997
STONE,7.4399996,20.24,7.2799997
STONE,7.4399996,20.32,7.2799997
STONE,7.4399996,20.4,7.2799997
GRASS,7.4399996,19.6,7.2799997
STONE,7.4399996,19.68,7.3599997
STONE,7.4399996,19.76,7.3599997
STONE,7.4399996,19.84,7.3599997
STONE,7.4399996,19.92,7.3599997
STONE,7.4399996,20.0,7.3599997
STONE,7.4399996,20.08,7.3599997
STONE,7.4399996,20.16,7.3599997
STONE,7.4399996,20.24,7.3599997
STONE,7.4399996,20.32,7.3599997
STONE,7.4399996,20.4,7.3599997
GRASS,7.4399996,19.6,7.3599997
STONE,7.4399996,19.68,7.4399996
STONE,7.4399996,19.76,7.4399996
STONE,7.4399996,19.84,7.4399996
STONE,7.4399996,19.92,7.4399996
STONE,7.4399996,20.0,7.4399996
STONE,7.4399996,20.08,7.4399996
STONE,7.4399996,20.16,7.4399996
STONE,7.4399996,20.24,7.4399996
STONE,7.4399996,20.32,7.4399996
STONE,7.4399996,20.4,7.4399996
GRASS,7.4399996,19.6,7.4399996
STONE,7.4399996,20.08,7.5199995
STONE,7.4399996,20.16,7.5199995
STONE,7.4399996,20.24,7.5199995
STONE,7.4399996,20.32,7.5199995
STONE,7.4399996,20.4,7.5199995
GRASS,7.4399996,20.0,7.5199995
STONE,7.4399996,20.08,7.5999994
STONE,7.4399996,20.16,7.5999994
STONE,7.4399996,20.24,7.5999994
STONE,7.4399996,20.32,7.5999994
STONE,7.4399996,20.4,7.5999994
GRASS,7.4399996,20.0,7.5999994
STONE,7.5199995,20.32,6.3999996
STONE,7.5199995,20.4,6.3999996
GRASS,7.5199995,20.24,6.3999996
STONE,7.5199995,20.32,6.4799995
STONE,7.5199995,20.4,6.4799995
GRASS,7.5199995,20.24,6.4799995
STONE,7.5199995,20.24,6.5599995
STONE,7.5199995,20.32,6.5599995
STONE,7.5199995,20.4,6.5599995
GRASS,7.5199995,20.16,6.5599995
STONE,7.5199995,20.24,6.6399994
STONE,7.5199995,20.32,6.6399994
STONE,7.5199995,20.4,6.6399994
GRASS,7.5199995,20.16,6.6399994
STONE,7.5199995,20.08,6.72
STONE,7.5199995,20.16,6.72
STONE,7.5199995,20.24,6.72
STONE,7.5199995,20.32,6.72
STONE,7.5199995,20.4,6.72
GRASS,7.5199995,20.0,6.72
STONE,7.5199995,20.08,6.7999997
STONE,7.5199995,20.16,6.7999997
STONE,7.5199995,20.24,6.7999997
STONE,7.5199995,20.32,6.7999997
STONE,7.5199995,20.4,6.7999997
GRASS,7.5199995,20.0,6.7999997
STONE,7.5199995,19.68,6.8799996
STONE,7.5199995,19.76,6.8799996
STONE,7.5199995,19.84,6.8799996
STONE,7.5199995,19.92,6.8799996
STONE,7.5199995,20.0,6.8799996
STONE,7.5199995,20.08,6.8799996
STONE,7.5199995,20.16,6.8799996
STONE,7.5199995,20.24,6.8799996
STONE,7.5199995,20.32,6.8799996
STONE,7.5199995,20.4,6.8799996
GRASS,7.5199995,19.6,6.8799996
STONE,7.5199995,19.68,6.9599996
STONE,7.5199995,19.76,6.9599996
STONE,7.5199995,19.84,6.9599996
STONE,7.5199995,19.92,6.9599996
STONE,7.5199995,20.0,6.9599996
STONE,7.5199995,20.08,6.9599996
STONE,7.5199995,20.16,6.9599996
STONE,7.5199995,20.24,6.9599996
STONE,7.5199995,20.32,6.9599996
STONE,7.5199995,20.4,6.9599996
GRASS,7.5199995,19.6,6.9599996
STONE,7.5199995,19.68,7.0399995
STONE,7.5199995,19.76,7.0399995
STONE,7.5199995,19.84,7.0399995
STONE,7.5199995,19.92,7.0399995
STONE,7.5199995,20.0,7.0399995
STONE,7.5199995,20.08,7.0399995
STONE,7.5199995,20.16,7.0399995
STONE,7.5199995,20.24,7.0399995
STONE,7.5199995,20.32,7.0399995
STONE,7.5199995,20.4,7.0399995
GRASS,7.5199995,19.6,7.0399995
STONE,7.5199995,19.68,7.1199994
STONE,7.5199995,19.76,7.1199994
STONE,7.5199995,19.84,7.1199994
STONE,7.5199995,19.92,7.1199994
STONE,7.5199995,20.0,7.1199994
STONE,7.5199995,20.08,7.1199994
STONE,7.5199995,20.16,7.1199994
STONE,7.5199995,20.24,7.1199994
STONE,7.5199995,20.32,7.1199994
STONE,7.5199995,20.4,7.1199994
GRASS,7.5199995,19.6,7.1199994
STONE,7.5199995,19.68,7.2
STONE,7.5199995,19.76,7.2
STONE,7.5199995,19.84,7.2
STONE,7.5199995,19.92,7.2
STONE,7.5199995,20.0,7.2
STONE,7.5199995,20.08,7.2
STONE,7.5199995,20.16,7.2
STONE,7.5199995,20.24,7.2
STONE,7.5199995,20.32,7.2
STONE,7.5199995,20.4,7.2
GRASS,7.5199995,19.6,7.2
STONE,7.5199995,19.68,7.2799997
STONE,7.5199995,19.76,7.2799997
STONE,7.5199995,19.84,7.2799997
STONE,7.5199995,19.92,7.2799997
STONE,7.5199995,20.0,7.2799997
STONE,7.5199995,20.08,7.2799997
STONE,7.5199995,20.16,7.2799997
STONE,7.5199995,20.24,7.2799997
STONE,7.5199995,20.32,7.2799997
STONE,7.5199995,20.4,7.2799997
GRASS,7.5199995,19.6,7.2799997
STONE,7.5199995,19.68,7.3599997
STONE,7.5199995,19.76,7.3599997
STONE,7.5199995,19.84,7.3599997
STONE,7.5199995,19.92,7.3599997
STONE,7.5199995,20.0,7.3599997
STONE,7.5199995,20.08,7.3599997
STONE,7.5199995,20.16,7.3599997
STONE,7.5199995,20.24,7.3599997
STONE,7.5199995,20.32,7.3599997
STONE,7.5199995,20.4,7.3599997
GRASS,7.5199995,19.6,7.3599997
STONE,7.5199995,20.08,7.4399996
STONE,7.5199995,20.16,7.4399996
STONE,7.5199995,20.24,7.4399996
STONE,7.5199995,20.32,7.4399996
STONE,7.5199995,20.4,7.4399996
GRASS,7.5199995,20.0,7.4399996
STONE,7.5199995,20.08,7.5199995
STONE,7.5199995,20.16,7.5199995
STONE,7.5199995,20.24,7.5199995
STONE,7.5199995,20.32,7.5199995
STONE,7.5199995,20.4,7.5199995
GRASS,7.5199995,20.0,7.5199995
STONE,7.5199995,20.24,7.5999994
STONE,7.5199995,20.32,7.5999994
STONE,7.5199995,20.4,7.5999994
GRASS,7.5199995,20.16,7.5999994
STONE,7.5999994,20.32,6.3999996
STONE,7.5999994,20.4,6.3999996
GRASS,7.5999994,20.24,6.3999996
STONE,7.5999994,20.32,6.4799995
STONE,7.5999994,20.4,6.4799995
GRASS,7.5999994,20.24,6.4799995
STONE,7.5999994,20.32,6.5599995
STONE,7.5999994,20.4,6.5599995
GRASS,7.5999994,20.24,6.5599995
STONE,7.5999994,20.24,6.6399994
STONE,7.5999994,20.32,6.6399994
STONE,7.5999994,20.4,6.6399994
GRASS,7.5999994,20.16,6.6399994
STONE,7.5999994,20.08,6.72
STONE,7.5999994,20.16,6.72
STONE,7.5999994,20.24,6.72
STONE,7.5999994,20.32,6.72
STONE,7.5999994,20.4,6.72
GRASS,7.5999994,20.0,6.72
STONE,7.5999994,20.08,6.7999997
STONE,7.5999994,20.16,6.7999997
STONE,7.5999994,20.24,6.7999997
STONE,7.5999994,20.32,6.7999997
STONE,7.5999994,20.4,6.7999997
GRASS,7.5999994,20.0,6.7999997
STONE,7.5999994,20.08,6.8799996
STONE,7.5999994,20.16,6.8799996
STONE,7.5999994,20.24,6.8799996
STONE,7.5999994,20.32,6.8799996
STONE,7.5999994,20.4,6.8799996
GRASS,7.5999994,20.0,6.8799996
STONE,7.5999994,19.68,6.9599996
STONE,7.5999994,19.76,6.9599996
STONE,7.5999994,19.84,6.9599996
STONE,7.5999994,19.92,6.9599996
STONE,7.5999994,20.0,6.9599996
STONE,7.5999994,20.08,6.9599996
STONE,7.5999994,20.16,6.9599996
STONE,7.5999994,20.24,6.9599996
STONE,7.5999994,20.32,6.9599996
STONE,7.5999994,20.4,6.9599996
GRASS,7.5999994,19.6,6.9599996
STONE,7.5999994,19.68,7.0399995
STONE,7.5999994,19.76,7.0399995
STONE,7.5999994,19.84,7.0399995
STONE,7.5999994,19.92,7.0399995
STONE,7.5999994,20.0,7.0399995
STONE,7.5999994,20.08,7.0399995
STONE,7.5999994,20.16,7.0399995
STONE,7.5999994,20.24,7.0399995
STONE,7.5999994,20.32,7.0399995
STONE,7.5999994,20.4,7.0399995
GRASS,7.5999994,19.6,7.0399995
STONE,7.5999994,19.68,7.1199994
STONE,7.5999994,19.76,7.1199994
STONE,7.5999994,19.84,7.1199994
STONE,7.5999994,19.92,7.1199994
STONE,7.5999994,20.0,7.1199994
STONE,7.5999994,20.08,7.1199994
STONE,7.5999994,20.16,7.1199994
STONE,7.5999994,20.24,7.1199994
STONE,7.5999994,20.32,7.1199994
STONE,7.5999994,20.4,7.1199994
GRASS,7.5999994,19.6,7.1199994
STONE,7.5999994,19.68,7.2
STONE,7.5999994,19.76,7.2
STONE,7.5999994,19.84,7.2
STONE,7.5999994,19.92,7.2
STONE,7.5999994,20.0,7.2
STONE,7.5999994,20.08,7.2
STONE,7.5999994,20.16,7.2
STONE,7.5999994,20.24,7.2
STONE,7.5999994,20.32,7.2
STONE,7.5999994,20.4,7.2
GRASS,7.5999994,19.6,7.2
STONE,7.5999994,19.68,7.2799997
STONE,7.5999994,19.76,7.2799997
STONE,7.5999994,19.84,7.2799997
STONE,7.5999994,19.92,7.2799997
STONE,7.5999994,20.0,7.2799997
STONE,7.5999994,20.08,7.2799997
STONE,7.5999994,20.16,7.2799997
STONE,7.5999994,20.24,7.2799997
STONE,7.5999994,20.32,7.2799997
STONE,7.5999994,20.4,7.2799997
GRASS,7.5999994,19.6,7.2799997
STONE,7.5999994,20.08,7.3599997
STONE,7.5999994,20.16,7.3599997
STONE,7.5999994,20.24,7.3599997
STONE,7.5999994,20.32,7.3599997
STONE,7.5999994,20.4,7.3599997
GRASS,7.5999994,20.0,7.3599997
STONE,7.5999994,20.08,7.4399996
STONE,7.5999994,20.16,7.4399996
STONE,7.5999994,20.24,7.4399996
STONE,7.5999994,20.32,7.4399996
STONE,7.5999994,20.4,7.4399996
GRASS,7.5999994,20.0,7.4399996
STONE,7.5999994,20.08,7.5199995
STONE,7.5999994,20.16,7.5199995
STONE,7.5999994,20.24,7.5199995
STONE,7.5999994,20.32,7.5199995
STONE,7.5999994,20.4,7.5199995
GRASS,7.5999994,20.0,7.5199995
STONE,7.5999994,20.24,7.5999994
STONE,7.5999994,20.32,7.5999994
STONE,7.5999994,20.4,7.5999994
GRASS,7.5999994,20.16,7.5999994
