GRASS,7.68,20.4,1.28
GRASS,7.68,20.4,1.36
STONE,7.68,20.24,1.4399999
STONE,7.68,20.32,1.4399999
STONE,7.68,20.4,1.4399999
GRASS,7.68,20.16,1.4399999
STONE,7.68,20.24,1.52
STONE,7.68,20.32,1.52
STONE,7.68,20.4,1.52
GRASS,7.68,20.16,1.52
STONE,7.68,20.24,1.5999999
STONE,7.68,20.32,1.5999999
STONE,7.68,20.4,1.5999999
GRASS,7.68,20.16,1.5999999
STONE,7.68,20.4,1.68
GRASS,7.68,20.32,1.68
STONE,7.68,20.4,1.76
GRASS,7.68,20.32,1.76
STONE,7.68,20.4,1.8399999
GRASS,7.68,20.32,1.8399999
GRASS,7.68,20.4,1.92
GRASS,7.68,20.4,2.0
GRASS,7.68,20.4,2.08
GRASS,7.68,20.4,2.1599998
GRASS,7.68,20.4,2.24
GRASS,7.68,20.4,2.32
STONE,7.68,20.4,2.4
GRASS,7.68,20.32,2.4
STONE,7.68,20.4,2.48
GRASS,7.68,20.32,2.48
GRASS,7.7599998,20.4,1.28
STONE,7.7599998,20.24,1.36
STONE,7.7599998,20.32,1.36
STONE,7.7599998,20.4,1.36
GRASS,7.7599998,20.16,1.36
STONE,7.7599998,20.24,1.4399999
STONE,7.7599998,20.32,1.4399999
STONE,7.7599998,20.4,1.4399999
GRASS,7.7599998,20.16,1.4399999
STONE,7.7599998,20.24,1.52
STONE,7.7599998,20.32,1.52
STONE,7.7599998,20.4,1.52
GRASS,7.7599998,20.16,1.52
STONE,7.7599998,20.24,1.5999999
STONE,7.7599998,20.32,1.5999999
STONE,7.7599998,20.4,1.5999999
GRASS,7.7599998,20.16,1.5999999
STONE,7.7599998,20.24,1.68
STONE,7.7599998,20.32,1.68
STONE,7.7599998,20.4,1.68
GRASS,7.7599998,20.16,1.68
STONE,7.7599998,20.4,1.76
GRASS,7.7599998,20.32,1.76
GRASS,7.7599998,20.4,1.8399999
GRASS,7.7599998,20.4,1.92
GRASS,7.7599998,20.4,2.0
GRASS,7.7599998,20.4,2.08
GRASS,7.7599998,20.4,2.1599998
GRASS,7.7599998,20.4,2.24
GRASS,7.7599998,20.4,2.32
GRASS,7.7599998,20.4,2.4
STONE,7.7599998,20.4,2.48
GRASS,7.7599998,20.32,2.48
GRASS,7.8399997,20.4,1.28
GRASS,7.8399997,20.4,1.36
STONE,7.8399997,20.24,1.4399999
STONE,7.8399997,20.32,1.4399999
STONE,7.8399997,20.4,1.4399999
GRASS,7.8399997,20.16,1.4399999
STONE,7.8399997,20.24,1.52
STONE,7.8399997,20.32,1.52
STONE,7.8399997,20.4,1.52
GRASS,7.8399997,20.16,1.52
STONE,7.8399997,20.24,1.5999999
STONE,7.8399997,20.32,1.5999999
STONE,7.8399997,20.4,1.5999999
GRASS,7.8399997,20.16,1.5999999
STONE,7.8399997,20.4,1.68
GRASS,7.8399997,20.32,1.68
GRASS,7.8399997,20.4,1.76
GRASS,7.8399997,20.4,1.8399999
GRASS,7.8399997,20.4,1.92
GRASS,7.8399997,20.4,2.0
GRASS,7.8399997,20.4,2.08
GRASS,7.8399997,20.4,2.1599998
GRASS,7.8399997,20.4,2.24
GRASS,7.8399997,20.4,2.32
GRASS,7.8399997,20.4,2.4
GRASS,7.8399997,20.4,2.48
GRASS,7.9199996,20.4,1.28
GRASS,7.9199996,20.4,1.36
GRASS,7.9199996,20.4,1.4399999
STONE,7.9199996,20.24,1.52
STONE,7.9199996,20.32,1.52
STONE,7.9199996,20.4,1.52
GRASS,7.9199996,20.16,1.52
GRASS,7.9199996,20.4,1.5999999
GRASS,7.9199996,20.4,1.68
GRASS,7.9199996,20.4,1.76
GRASS,7.9199996,20.4,1.8399999
GRASS,7.9199996,20.4,1.92
GRASS,7.9199996,20.4,2.0
GRASS,7.9199996,20.4,2.08
GRASS,7.9199996,20.4,2.1599998
GRASS,7.9199996,20.4,2.24
GRASS,7.9199996,20.4,2.32
GRASS,7.9199996,20.4,2.4
GRASS,7.9199996,20.4,2.48
GRASS,8.0,20.4,1.28
GRASS,8.0,20.4,1.36
GRASS,8.0,20.4,1.4399999
GRASS,8.0,20.4,1.52
GRASS,8.0,20.4,1.5999999
GRASS,8.0,20.4,1.68
LOG,8.0,20.32,1.76
LOG,8.0,20.24,1.76
LOG,8.0,20.16,1.76
LOG,8.0,20.08,1.76
LOG,8.0,20.0,1.76
LEAF,8.0,19.92,1.76
LEAF,7.92,20.0,1.76
LEAF,8.08,20.0,1.76
LEAF,8.0,20.0,1.68
LEAF,8.0,20.0,1.84
DIRT,8.0,20.4,1.76
GRASS,8.0,20.4,1.8399999
GRASS,8.0,20.4,1.92
GRASS,8.0,20.4,2.0
GRASS,8.0,20.4,2.08
GRASS,8.0,20.4,2.1599998
GRASS,8.0,20.4,2.24
GRASS,8.0,20.4,2.32
GRASS,8.0,20.4,2.4
GRASS,8.0,20.4,2.48
GRASS,8.08,20.4,1.28
GRASS,8.08,20.4,1.36
GRASS,8.08,20.4,1.4399999
GRASS,8.08,20.4,1.52
GRASS,8.08,20.4,1.5999999
GRASS,8.08,20.4,1.68
GRASS,8.08,20.4,1.76
GRASS,8.08,20.4,1.8399999
GRASS,8.08,20.4,1.92
GRASS,8.08,20.4,2.0
GRASS,8.08,20.4,2.08
GRASS,8.08,20.4,2.1599998
GRASS,8.08,20.4,2.24
GRASS,8.08,20.4,2.32
GRASS,8.08,20.4,2.4
GRASS,8.08,20.4,2.48
GRASS,8.16,20.4,1.28
GRASS,8.16,20.4,1.36
GRASS,8.16,20.4,1.4399999
GRASS,8.16,20.4,1.52
GRASS,8.16,20.4,1.5999999
GRASS,8.16,20.4,1.68
GRASS,8.16,20.4,1.76
GRASS,8.16,20.4,1.8399999
GRASS,8.16,20.4,1.92
STONE,8.16,20.4,2.0
GRASS,8.16,20.32,2.0
GRASS,8.16,20.4,2.08
GRASS,8.16,20.4,2.1599998
GRASS,8.16,20.4,2.24
GRASS,8.16,20.4,2.32
GRASS,8.16,20.4,2.4
GRASS,8.16,20.4,2.48
GRASS,8.24,20.4,1.28
GRASS,8.24,20.4,1.36
GRASS,8.24,20.4,1.4399999
STONE,8.24,20.4,1.52
BIRCH_LOG,8.24,20.24,1.52
BIRCH_LOG,8.24,20.16,1.52
BIRCH_LOG,8.24,20.08,1.52
BIRCH_LOG,8.24,20.0,1.52
LEAF,8.24,19.92,1.52
LEAF,8.16,20.0,1.52
LEAF,8.32,20.0,1.52
LEAF,8.24,20.0,1.4399999
LEAF,8.24,20.0,1.6
DIRT,8.24,20.32,1.52
GRASS,8.24,20.4,1.5999999
GRASS,8.24,20.4,1.68
GRASS,8.24,20.4,1.76
GRASS,8.24,20.4,1.8399999
STONE,8.24,20.4,1.92
GRASS,8.24,20.32,1.92
STONE,8.24,20.4,2.0
GRASS,8.24,20.32,2.0
STONE,8.24,20.4,2.08
GRASS,8.24,20.32,2.08
GRASS,8.24,20.4,2.1599998
GRASS,8.24,20.4,2.24
GRASS,8.24,20.4,2.32
GRASS,8.24,20.4,2.4
GRASS,8.24,20.4,2.48
GRASS,8.32,20.4,1.28
GRASS,8.32,20.4,1.36
STONE,8.32,20.4,1.4399999
GRASS,8.32,20.32,1.4399999
STONE,8.32,20.4,1.52
GRASS,8.32,20.32,1.52
STONE,8.32,20.4,1.5999999
GRASS,8.32,20.32,1.5999999
GRASS,8.32,20.4,1.68
GRASS,8.32,20.4,1.76
GRASS,8.32,20.4,1.8399999
GRASS,8.32,20.4,1.92
STONE,8.32,20.4,2.0
GRASS,8.32,20.32,2.0
GRASS,8.32,20.4,2.08
GRASS,8.32,20.4,2.1599998
GRASS,8.32,20.4,2.24
GRASS,8.32,20.4,2.32
GRASS,8.32,20.4,2.4
GRASS,8.32,20.4,2.48
GRASS,8.4,20.4,1.28
GRASS,8.4,20.4,1.36
GRASS,8.4,20.4,1.4399999
STONE,8.4,20.4,1.52
GRASS,8.4,20.32,1.52
GRASS,8.4,20.4,1.5999999
GRASS,8.4,20.4,1.68
GRASS,8.4,20.4,1.76
GRASS,8.4,20.4,1.8399999
GRASS,8.4,20.4,1.92
GRASS,8.4,20.4,2.0
GRASS,8.4,20.4,2.08
GRASS,8.4,20.4,2.1599998
GRASS,8.4,20.4,2.24
GRASS,8.4,20.4,2.32
GRASS,8.4,20.4,2.4
GRASS,8.4,20.4,2.48
GRASS,8.48,20.4,1.28
GRASS,8.48,20.4,1.36
GRASS,8.48,20.4,1.4399999
GRASS,8.48,20.4,1.52
GRASS,8.48,20.4,1.5999999
GRASS,8.48,20.4,1.68
GRASS,8.48,20.4,1.76
GRASS,8.48,20.4,1.8399999
GRASS,8.48,20.4,1.92
GRASS,8.48,20.4,2.0
GRASS,8.48,20.4,2.08
GRASS,8.48,20.4,2.1599998
GRASS,8.48,20.4,2.24
GRASS,8.48,20.4,2.32
GRASS,8.48,20.4,2.4
GRASS,8.48,20.4,2.48
GRASS,8.559999,20.4,1.28
GRASS,8.559999,20.4,1.36
GRASS,8.559999,20.4,1.4399999
GRASS,8.559999,20.4,1.52
GRASS,8.559999,20.4,1.5999999
GRASS,8.559999,20.4,1.68
GRASS,8.559999,20.4,1.76
GRASS,8.559999,20.4,1.8399999
GRASS,8.559999,20.4,1.92
GRASS,8.559999,20.4,2.0
GRASS,8.559999,20.4,2.08
GRASS,8.559999,20.4,2.1599998
GRASS,8.559999,20.4,2.24
GRASS,8.559999,20.4,2.32
GRASS,8.559999,20.4,2.4
GRASS,8.559999,20.4,2.48
GRASS,8.639999,20.4,1.28
GRASS,8.639999,20.4,1.36
GRASS,8.639999,20.4,1.4399999
BIRCH_LOG,8.639999,20.32,1.52
BIRCH_LOG,8.639999,20.24,1.52
BIRCH_LOG,8.639999,20.16,1.52
BIRCH_LOG,8.639999,20.08,1.52
LEAF,8.639999,20.0,1.52
LEAF,8.559999,20.08,1.52
LEAF,8.719999,20.08,1.52
LEAF,8.639999,20.08,1.4399999
LEAF,8.639999,20.08,1.6
DIRT,8.639999,20.4,1.52
GRASS,8.639999,20.4,1.5999999
GRASS,8.639999,20.4,1.68
GRASS,8.639999,20.4,1.76
GRASS,8.639999,20.4,1.8399999
GRASS,8.639999,20.4,1.92
GRASS,8.639999,20.4,2.0
GRASS,8.639999,20.4,2.08
GRASS,8.639999,20.4,2.1599998
GRASS,8.639999,20.4,2.24
BIRCH_LOG,8.639999,20.32,2.32
BIRCH_LOG,8.639999,20.24,2.32
BIRCH_LOG,8.639999,20.16,2.32
BIRCH_LOG,8.639999,20.08,2.32
BIRCH_LOG,8.639999,20.0,2.32
LEAF,8.639999,19.92,2.32
LEAF,8.559999,20.0,2.32
LEAF,8.719999,20.0,2.32
LEAF,8.639999,20.0,2.24
LEAF,8.639999,20.0,2.3999999
DIRT,8.639999,20.4,2.32
GRASS,8.639999,20.4,2.4
GRASS,8.639999,20.4,2.48
GRASS,8.719999,20.4,1.28
GRASS,8.719999,20.4,1.36
GRASS,8.719999,20.4,1.4399999
GRASS,8.719999,20.4,1.52
GRASS,8.719999,20.4,1.5999999
GRASS,8.719999,20.4,1.68
GRASS,8.719999,20.4,1.76
GRASS,8.719999,20.4,1.8399999
GRASS,8.719999,20.4,1.92
GRASS,8.719999,20.4,2.0
GRASS,8.719999,20.4,2.08
GRASS,8.719999,20.4,2.1599998
GRASS,8.719999,20.4,2.24
GRASS,8.719999,20.4,2.32
GRASS,8.719999,20.4,2.4
GRASS,8.719999,20.4,2.48
GRASS,8.8,20.4,1.28
GRASS,8.8,20.4,1.36
GRASS,8.8,20.4,1.4399999
GRASS,8.8,20.4,1.52
GRASS,8.8,20.4,1.5999999
GRASS,8.8,20.4,1.68
GRASS,8.8,20.4,1.76
GRASS,8.8,20.4,1.8399999
GRASS,8.8,20.4,1.92
GRASS,8.8,20.4,2.0
GRASS,8.8,20.4,2.08
GRASS,8.8,20.4,2.1599998
GRASS,8.8,20.4,2.24
STONE,8.8,20.4,2.32
GRASS,8.8,20.32,2.32
GRASS,8.8,20.4,2.4
GRASS,8.8,20.4,2.48
GRASS,8.88,20.4,1.28
GRASS,8.88,20.4,1.36
GRASS,8.88,20.4,1.4399999
GRASS,8.88,20.4,1.52
GRASS,8.88,20.4,1.5999999
GRASS,8.88,20.4,1.68
GRASS,8.88,20.4,1.76
GRASS,8.88,20.4,1.8399999
GRASS,8.88,20.4,1.92
GRASS,8.88,20.4,2.0
GRASS,8.88,20.4,2.08
GRASS,8.88,20.4,2.1599998
GRASS,8.88,20.4,2.24
GRASS,8.88,20.4,2.32
GRASS,8.88,20.4,2.4
GRASS,8.88,20.4,2.48
LOG,8.96,20.32,2.24
LOG,8.96,20.24,2.24
LOG,8.96,20.16,2.24
LOG,8.96,20.08,2.24
LOG,8.96,20.0,2.24
LEAF,8.96,19.92,2.24
LEAF,8.88,20.0,2.24
LEAF,8.96,20.0,2.16
LEAF,8.96,20.0,2.32
